0.0	2.385394807395164	3.154576780479566	3.1545797948392362	3.3250283756267276	3.540278855593055	3.5402825275058114	3.545417188602211	3.5454199840014335	3.9030824377261935	3.903086573110402	3.9143850301646244	3.9143878286187856	3.9202598790605245	3.920262157924819	3.940240948706932	3.9402433531463323	4.139678912840763	4.143428156667388	4.3030207772010325	4.303023848076069
0.01	2.3851439029751043	3.154297597712336	3.1543008448140015	3.3247498861843336	3.5399886270153083	3.5399925976951385	3.545132837872932	3.5451358438503813	3.9027840035199706	3.902788487717894	3.914090213793373	3.914093229151544	3.9199709018326625	3.9199733407460906	3.9399523717709597	3.93995495174803	4.139377634007223	4.143137340931239	4.302722035901039	4.302725346121532
0.02	2.3848836372499354	3.1540072519161515	3.1540107550103076	3.3244602693548098	3.5396864120648424	3.5396907130808195	3.5448370352663336	3.544840272367453	3.9024729960378908	3.9024778672765024	3.9137831355084867	3.913786389618962	3.9196702358905444	3.9196728492142032	3.939652124417538	3.939654896549632	4.1390635746117415	4.142834691637195	4.302410831036745	4.3024144049487045
0.03	2.3846134759638007	3.1537050519908014	3.153708837210054	3.3241588365325128	3.539371436030162	3.5393761031060293	3.5445290677679138	3.5445325590288985	3.9021485835185823	3.902153885243359	3.9134629968379926	3.9134665142910734	3.919357153778016	3.9193599574477602	3.9393394784658593	3.9393424613277133	4.138735882423482	4.142519465243473	4.302086350273481	4.302090215323564
0.04	2.384332843392641	3.15339024787204	3.1533943446617343	3.323844840370124	3.539042854376243	3.539047928052068	3.544208161278285	3.5442119325906014	3.901809857302045	3.901815639038748	3.913128926696886	3.9131327352410876	3.9190308661651905	3.9190338778959544	3.9390136433306395	3.93901685773318	4.1383936257196074	4.14219085400741	4.301747707473259	4.301751894689076
0.05	2.3840411182388968	3.1530620240243254	3.1530664656490894	3.323517468295517	3.5386997445034414	3.5387052709219757	3.5438734738535076	3.543877554391559	3.901455822512773	3.9014621408976593	3.912779972718278	3.9127841037511932	3.918690515111673	3.918693754632387	3.9386737591251375	3.9386772284413305	4.138035783559774	4.141847978832985	4.301393933903238	4.301398478462271
0.06	2.3837376290284	3.1527194920410446	3.152724316182798	3.3231758351390512	3.538341096282627	3.5383471281279553	3.5435240880169454	3.543528510741493	3.9010853873237568	3.9010923073407255	3.9124150912783913	3.9124195804278363	3.91833516642909	3.918338655753381	3.9383188888190688	3.938322639366023	4.137661234563168	4.141489881129345	4.301023968123165	4.3010289100293475
0.07	2.3834216489376305	3.1523616822040252	3.1523669316706666	3.322818974723613	3.5379658011442743	3.537972398767093	3.543159001988176	3.5431638042411837	3.900697350537875	3.9007049470107322	3.9120331359741902	3.912038023788841	3.917963800999194	3.917967564738039	3.9379480092949435	3.9379520707836067	4.137268743906046	4.141115513514899	4.300636644307897	4.3006420291998335
0.08	2.383092389967157	3.151987533825399	3.1519932573938796	3.322445830240869	3.53757263945083	3.5375798722236396	3.5427771196446036	3.542782343854851	3.900290387164335	3.90029874656578	3.9116328442586212	3.9116381770322093	3.9175753048769844	3.9175793706005635	3.937560001115943	3.9375644071824105	4.13685694819445	4.140723729168593	4.300230678707331	4.300236558828162
0.09	2.3827489963628947	3.1515958841587213	3.1516021375822776	3.3220552432010875	3.537160265821081	3.537168213778304	3.542377238993993	3.5423829335174997	3.899863031594311	3.8998722542499893	3.9112128218712767	3.9112186526302555	3.917168457975462	3.917172856633152	3.9371536367806224	3.937158425616242	4.136424337786385	4.140313269589441	4.299804653877872	4.299811089244696
0.1	2.3823905371691954	3.1511854556222425	3.1511923028389495	3.3216459407002255	3.5367271919985375	3.536735947831599	3.5419580388899785	3.5419642590153386	3.899413657886636	3.8994238606750784	3.9107715246165213	3.9107779143089516	3.916741921089047	3.916746687497881	3.9367275671933353	3.936732782295233	4.135969236035265	4.139882750474935	4.299357000232744	4.299364060054033
0.11	2.3820159977772426	3.150754841022407	3.1507623556119	3.321216520692606	3.536271766757939	3.536281438255283	3.541518063665384	3.5415248728218494	3.8989404565547394	3.8989517762337678	3.910307236931648	3.910314255864929	3.916294220963214	3.916299394377553	3.9362803060215263	3.9362859970903825	4.13548977479507	4.139430645365947	4.298885974347799	4.298893738750502
0.12	2.381624270306626	3.1503024863966713	3.150310753344637	3.3207654348890463	3.5357921522188662	3.535802865267404	3.5410557052865816	3.541063176502579	3.898441407093002	3.898454004422628	3.9098180465468544	3.9098257761347925	3.915823733057615	3.9158293578352312	3.935810211538919	3.935816435557947	4.134983865357639	4.138955266626724	4.298389633316199	4.29839819546248
0.13	2.3812141426279374	3.1498266710087166	3.1498357888547783	3.3202909688140383	3.5352862957733464	3.535298198072851	3.5405691825416916	3.5405774002148993	3.8979142452812483	3.89792831016677	3.9093018143555733	3.909310349252201	3.9153286615744216	3.9153347879574723	3.9353154654628515	3.93532228800078	4.134449163769984	4.138454743227881	4.297865804259126	4.2978752729563325
0.14	2.3807842857965498	3.1493254839193323	3.149335567385987	3.3197912184457823	3.5347518966228573	3.534765162312673	3.540056516661584	3.5400655787182087	3.897356424046202	3.8973721819974227	3.908756138374299	3.908765589093777	3.914807016229179	3.9148137012625535	3.9347940481792483	3.9348015449721	4.133883029187132	4.137926994672427	4.297312047855565	4.297322550795267
0.15	2.380333239622931	3.1487967964171717	3.148807979645625	3.3192640627231818	3.5341863656423733	3.5342012011041612	3.539515502626208	3.5395255231702842	3.896765066315293	3.8967827866177176	3.908178310354532	3.9081888065058124	3.914256585122237	3.9142638937367966	3.934243709602444	3.934251968484131	4.133282473525467	4.137369700239148	4.29672561442982	4.296737302235338
0.16	2.3798593960482757	3.1482382294143987	3.1482506699713806	3.3187071310246887	3.5335867769195484	3.5336034281086466	3.538943675222118	3.5389547878053658	3.896136907841453	3.8961569139728445	3.907565263187597	3.907576957491135	3.913674902916854	3.9136829092115795	3.9336619347290345	3.933671058001461	4.1326441001569805	4.136780262502762	4.2961033907023545	4.296116442023911
0.17	2.379360979926211	3.147647114680115	3.147660998550983	3.318117764490468	3.532949808821508	3.532968570602664	3.5383382686733156	3.538350630356801	3.8954682273625334	3.895490910381465	3.9069135066750915	3.9069265799809223	3.913059213334365	3.913068002099646	3.9330459027016156	3.9330560100622463	4.131964028668827	4.136155763806866	4.295441834722591	4.295456462701931
0.18	2.3788360267251267	3.147020448481861	3.147035996335167	3.3174929697554827	3.5322716717688896	3.5322928999047845	3.53769616835059	3.5377099647841455	3.8947547606240094	3.8947805965300066	3.906219048464733	3.906233716060872	3.9124064247214196	3.9124160932569714	3.932392437880761	3.9324036700625733	4.131237801724834	4.135492913988456	4.294736895699655	4.294753356241792
0.19	2.3782823565597164	3.146354835807042	3.146372310910669	3.3168293632594263	3.5315480189730772	3.531572145659345	3.537013852645023	3.5370293044657	3.8939915936439524	3.894021166100277	3.9054772958873514	3.905493815482533	3.9117130571068515	3.9117237174024337	3.931697951004524	3.9317104743333453	4.130460268680881	4.134787987143559	4.293983914334465	4.2940025167881615
0.2	2.3776975438262182	3.1456464228051724	3.1456661411067373	3.316123103764414	3.530773835107545	3.5308013893007377	3.536287322533182	3.5363046934879923	3.8931730290001187	3.893207059377721	3.904682932949106	3.904701614842982	3.910975178711009	3.910986960079261	3.9309583679579574	3.930972380101156	4.1296254386342985	4.1340367445252015	4.293177497694732	4.293198618779173
0.21	2.3770788815478348	3.144890814380119	3.144913157448742	3.3153698099912736	3.529943296072488	3.5299749303714254	3.5355120156095925	3.5355316229529423	3.8922924166614408	3.8923318041973465	3.90382976464144	3.9038509847734586	3.9101883292463353	3.9102013815273775	3.930169042925159	3.930184780201351	4.128726292727081	4.133234339690685	4.2923113604501975	4.292335462608046
0.22	2.376423339322043	3.1440829728930693	3.144108404681093	3.3145644593039063	3.529049590418901	3.529086117020908	3.5346827003375005	3.5347049282599894	3.891341937656208	3.8913878137647586	3.90291051773878	3.9029347345535452	3.909347426470811	3.909361923973745	3.9293246516771725	3.9293423984308475	4.127754541286461	4.132375200628329	4.291378121068772	4.291405776933627
0.23	2.3757275134890214	3.143217092606982	3.143246181364644	3.3137012620180233	3.5280846892267914	3.528127128624274	3.5337933448563374	3.53381866199627	3.8903123241723105	3.8903661268348797	3.901916582904853	3.9019443593161163	3.9084466511880196	3.908462797606293	3.9284190593440282	3.928439160079873	4.126700304960295	4.131452881572146	4.290369036843529	4.290400962273789
0.24	2.3749875677881476	3.142286442651538	3.1423198898699667	3.3127735040195985	3.5270390456505067	3.527088693484395	3.5328369527094727	3.532865935227322	3.889192492742537	3.8892560698092122	3.9008376765022845	3.900869708723059	3.9074793039984748	3.9074973386523917	3.927445155059087	3.92746803030563	4.125551688980202	4.130459874184002	4.289273654534085	4.289310753839097
0.25	2.374199162314013	3.1412831686728904	3.141321847729895	3.311773347695895	3.5259011969232157	3.5259597171415216	3.5318053550554493	3.5318387173833714	3.8879690567120635	3.8880448115112003	3.8996613908265743	3.899698546523669	3.906437624189227	3.9064578301466955	3.926394643086889	3.9264208103599745	4.124294203522439	4.12938736309283	4.2880793425679204	4.288122771398407
0.26	2.3733573679886155	3.140198039588209	3.1402430479629415	3.3106915773149375	3.5246572286429734	3.524726785463471	3.5306889448906658	3.53072758121628	3.8866256681222078	3.8867167680715924	3.8983725866192076	3.8984159558459295	3.9053125564613778	3.9053352714359035	3.9252577760507137	3.9252878778815776	4.122909956012187	4.1282249032249085	4.286770653773004	4.286821908137295
0.27	2.372456562983059	3.139020120411264	3.139072851142532	3.309517269319186	3.523290040723144	3.5233734889926183	3.529476332897212	3.5295213738839486	3.8851421139160855	3.8852527947467435	3.8969525583295885	3.8970035221496646	3.9040934433250283	3.904119074888099	3.9240230100280504	3.924057851915004	4.121376493409755	4.126959983588741	4.2853284402539975	4.285389485151342
0.28	2.371490306481419	3.137736344033181	3.13779858488886	3.3082373595156365	3.5217783213639753	3.521879486765666	3.528153895695141	3.528206787182646	3.883493050775736	3.883629068877207	3.895377864829573	3.895438188732128	3.9027676071031667	3.9027966549717172	3.9226765525589826	3.9227171550716586	4.119665082904978	4.125577419267992	4.283728596238424	4.2838020563436565
0.29	2.370451183787092	3.1363309426311248	3.136405015849537	3.306836066184438	3.520095080539437	3.520219181495791	3.5267051738066755	3.526767787787654	3.881646195806614	3.8818155152111142	3.893618655440973	3.893690618035844	3.9013197595406326	3.901352850180576	3.92120176132861	3.921249432730288	4.1177380377342265	4.124058469089508	4.281940223703996	4.282029675904427
0.3	2.369330614883552	3.134784680531809	3.1348736430530533	3.305294107840858	3.518205500529482	3.5183597998375875	3.5251100556258934	3.5251848495536797	3.879559676055263	3.8797735361365113	3.8916362129619335	3.8917227859562127	3.8997311251585334	3.8997690693440283	3.9195783305871186	3.9196347697406617	4.1155442866817	4.122379482217541	4.2799228573317185	4.280033304344139
0.31	2.3681186159838763	3.1330738005894356	3.133181736286474	3.3035876217737226	3.516063694555398	3.5162585352912856	3.5233436500747533	3.5234339001222077	3.877178038852109	3.877452655657511	3.8893792418855453	3.889484346974009	3.897978051978612	3.8980219488447077	3.9177811692984887	3.9178486141439777	4.11301133616897	4.1205096495615505	4.277622003650168	4.277760727733687
0.32	2.366803500034708	3.131168547898148	3.1313010028307344	3.301686635447913	3.5136076583712823	3.513858165655839	3.5213746953555463	3.521484845572581	3.8744260580967715	3.8747854079623973	3.88677806847089	3.88690695547405	3.896029612825071	3.896081058667934	3.915778820644637	3.9158602667025395	4.110028532805435	4.118406784504571	4.27496075112587	4.275139369469625
0.33	2.365371497148899	3.129031054238215	3.1291956996941437	3.2995528502172715	3.510751112619742	3.5110800964367086	3.519163257497005	3.5192994555259136	3.87119877411413	3.8716792704070477	3.883735208613654	3.8838950415022735	3.89384296103571	3.893904529533512	3.9135311802539814	3.913630709135719	4.10640360802983	4.11600767355232	4.271807199488209	4.2720555770629955
0.34	2.363806268864357	3.126612228307184	3.1268198964803835	3.297136331655758	3.507369756072848	3.507812881712601	3.5166573080088024	3.5168282502095094	3.867344817740962	3.8680033444411506	3.8801092705202755	3.8803101265112203	3.8913528177709527	3.8914293861787836	3.9109861080487995	3.9111093926777882	4.101698530374445	4.1131968009498845	4.239039110593118	4.251869713001411
0.35	2.362088279957574	3.123847050358455	3.124113398003483	3.294370393038945	3.5032769699744812	3.5038924370824382	3.513787470562872	3.5140057778269007	3.8626371736130385	3.863564918334654	3.875685728140212	3.875942657738448	3.888441833968698	3.8885452944636154	3.9080742289167487	3.908229327963064	4.09394857933226	4.109599849672659	4.145661256139677	4.164011730336343
0.36	2.3601939767104163	3.120647213657361	3.120995479475975	3.2911633548013963	3.498178531636597	3.4990662481170913	3.5104586581696284	3.5107431970179315	3.8567191725605356	3.858063348859057	3.870118461736673	3.87045769546876	3.8848244251981896	3.8849980174334378	3.9047006220220553	3.9048992474560906	4.051573419698823	4.055565474521602	4.099585232527931	4.1093639876899175
0.37	2.358094698557162	3.116889173953572	3.117354911508769	3.2873846071960706	3.491583286919169	3.4929252855946307	3.50653619281613	3.5069161533300144	3.848998632581859	3.850969376175539	3.8627767147727523	3.863274734526749	3.87923073025448	3.87979597020966	3.9007305688742813	3.9009900507959694	3.960429530398206	3.9713038868470725	4.087009042103888	4.102690924130144
0.38	2.355755216929754	3.1123938859185714	3.1130334092152396	3.282839613047794	3.4826176781259877	3.4847686422301893	3.5018216433698743	3.50234404010169	3.8384052526288768	3.8405025058118696	3.848692905264066	3.8528538926504776	3.856744561560177	3.862053879125173	3.892206628267722	3.895994319463484	3.8962228171133457	3.898319545546069	4.073771238940584	4.095859467871164
0.39	2.3531317443151156	3.106890724520798	3.1077968288490894	3.2772218231179098	3.4696344673373893	3.4733315917050667	3.496008455391336	3.4967526451694377	3.7740058947684116	3.7862312086360803	3.823139155456891	3.830911556455365	3.839330305003865	3.8397686323261606	3.8786469788892353	3.879669067356653	3.890118574952241	3.890607953915165	4.0527006391168925	4.083599142687009
0.4	2.350169177058385	3.099949706315212	3.1012822294840037	3.2700124285202055	3.449489449512545	3.4563036216072835	3.4885956596125314	3.4897029769629158	3.6963235177833047	3.709406458333971	3.7994407437334345	3.811866073780334	3.8172511178661193	3.8178309900236567	3.871950361563372	3.872611554243333	3.8826672363618093	3.883363556570464	4.014687377299402	4.047955599644012
0.41	2.3467972085435527	3.090847086170883	3.092894570682786	3.2602540097473183	3.417082278066248	3.43001490881686	3.478710805230566	3.4804478740968072	3.6308415640165648	3.6421477923738017	3.7617612056850382	3.7805774753379815	3.7829608642658963	3.786284235033217	3.8650442235234657	3.8657176550623165	3.872751319099902	3.873780480376218	3.960591224507369	3.979335366819209
0.42	2.3429247424197697	3.07828834349679	3.0815934216303296	3.2460272297601653	3.368436697258323	3.3916756866633344	3.4647377713746152	3.467632294408109	3.5831210273039806	3.590733929225478	3.705797684373955	3.7295711497693964	3.7339397306707127	3.7448583515055587	3.8566863030774576	3.8575347847080597	3.8588860138603414	3.8603935329684997	3.90602082663108	3.9260460579401357
0.43	2.3384316907377176	3.0598547777510143	3.0654444126242932	3.2235780064641375	3.3072459898989486	3.3458295688800526	3.4436063969145194	3.448694739722959	3.5513862051613754	3.555264900276681	3.6340749536365577	3.665336643467729	3.6753363410165294	3.691536134016585	3.8369432424713024	3.8389488827175775	3.8467631734894208	3.847251292595545	3.858407755005649	3.8838146850949276
0.44	2.33315665578432	3.0312064928167137	3.0408168760230017	3.1886798415207958	3.2436076307895805	3.304183220619681	3.410116382079911	3.419070749473744	3.528809909666849	3.5298388791293025	3.55324070859466	3.5963422668269587	3.617987874678782	3.6342073811229243	3.8020913576645476	3.8024258097873296	3.811648516353637	3.8307572063913833	3.836916343072498	3.845062293248728
0.45	2.326877982338792	2.9865883602117806	3.0021300117780116	3.1447163634674986	3.1873020768618607	3.2720081930809073	3.3589579210420557	3.373116850132459	3.4689021963498297	3.5079088431677627	3.5093568222001696	3.5293696355027557	3.5714231922857342	3.5835121684172027	3.748182857803876	3.7506702333406787	3.7594595805447044	3.788177976982581	3.82070298401542	3.8207234107494243
0.46	2.3192839103481533	2.923609359848298	2.9457526289628766	3.100169388773973	3.141503300702192	3.2444747903374287	3.2903760947824843	3.3095390918260783	3.385422529954428	3.468558821381695	3.483910844327485	3.488303164001832	3.5374202626364815	3.5449195475389765	3.676596901963155	3.6903419091125382	3.693721813188593	3.728621244491097	3.797673819297724	3.799282753883266
0.47	2.3099245723109925	2.8463779706307277	2.8750760914499036	3.0545508299125643	3.0996952829369873	3.2098152674901534	3.2156223733411515	3.235092665444415	3.3076962071151086	3.416680104034269	3.4519449983980346	3.460357544359643	3.511107532646344	3.5155476888898987	3.5938060530483766	3.6105241638443255	3.6375849895838943	3.6653656525376483	3.766764942608896	3.7701043686072935
0.48	2.298133956808548	2.7605960636644986	2.7965107652825694	3.001640009802437	3.0507778200098468	3.1223235089522094	3.1471885965615507	3.1936334933055424	3.2422686317222427	3.3734081682676162	3.407210830595826	3.418580060740121	3.4868640674749374	3.4896603501938066	3.505064840493408	3.5241599031001964	3.591184914174125	3.6091439046812104	3.7244891169860352	3.7307008791174736
0.49	2.282905089547121	2.670005973271957	2.714854757254916	2.9379623739240204	2.9867995195771972	3.030861560813336	3.0607204437097124	3.1686345554184205	3.193752578787975	3.3257028614862962	3.358319047629567	3.359220555415943	3.4121722864225044	3.4344608623167576	3.461458477953747	3.4626440090644524	3.55700605915766	3.5667898996944913	3.6686791832825487	3.6798807696569784
0.5	2.2627076391827803	2.576613947185336	2.6333491505664943	2.864283946793255	2.9087247776248764	2.93700218701843	2.9726077082026583	3.1458302971953906	3.15906558983005	3.254908053054578	3.2825485845863045	3.317712886978697	3.3258834850429406	3.344959749559348	3.43014646898504	3.430216351415244	3.531165334539624	3.536007610778605	3.5999118492346662	3.6191075907834755
0.51	2.2353003318576423	2.48148739924733	2.554663591300048	2.783142745014854	2.8219240452653507	2.841603633714477	2.8847123559821064	3.1227040338195984	3.1311677785260112	3.172971300418213	3.197391418793635	3.2218912376824647	3.249545412662221	3.303986514091071	3.3891255155416626	3.3901458106545936	3.507759312713277	3.5084283846375577	3.523798037531825	3.5519947157330556
0.52	2.1978186221564404	2.385223335876537	2.481206403983849	2.696885521834804	2.7303804833355074	2.7451632851148715	2.7984584980051386	3.0780932468024993	3.1041715533900147	3.1052939866818177	3.1070638626763585	3.125312038389077	3.157906363858836	3.276866541538121	3.337963232493547	3.338945992327479	3.432414472433516	3.47429410832051	3.4785568731862404	3.4881960210432483
0.53	2.147725816165633	2.2881759121769907	2.414260246886815	2.6071678803594134	2.6361959930454044	2.6479876197607704	2.7154087595322465	2.989687585857918	3.0137806441291675	3.0276002980308547	3.064895531139875	3.0743722660501858	3.0756682103952353	3.2388904075934586	3.2760373920810397	3.2826931743026933	3.3420920554812654	3.375315547363674	3.410860733725043	3.4318195349641067
0.54	2.0845356207376584	2.190566874209483	2.352285442906926	2.5150695095476983	2.5404387709526985	2.550275575602599	2.637395068978809	2.8966767122443446	2.9187009893633213	2.9298011343556896	2.976139958706562	3.0369836584402234	3.0383326251982914	3.1760035453511084	3.2028725082636234	3.236131005821671	3.2487196760166137	3.276175169951907	3.34371528760824	3.3539800122183925
0.55	2.010338764869502	2.0925416540395814	2.290750911291942	2.421288916019968	2.443679317219125	2.4521617127518383	2.5661241896249467	2.8020325879006913	2.822454143194644	2.831607261213811	2.8889129938524207	2.989075835467643	2.991832539647285	3.096412620754304	3.1216999070793805	3.153545642524737	3.1769078809034306	3.1896333019565395	3.28096451153403	3.2845453140630245
0.56	1.9282710438177704	1.9941994432751824	2.224740285519724	2.3262864291431504	2.3462430033201027	2.3537400375445356	2.501934563551299	2.706344470614954	2.725409451173639	2.733132717666436	2.8059786040024304	2.929084183615751	2.9333745578584574	3.009755437849921	3.034713766496866	3.0572043890567446	3.077539267732575	3.1334790346420687	3.2175035717579226	3.2214706786014036
0.57	1.840999143413815	1.8956101698979704	2.151706558952951	2.230373671876178	2.2483272449563456	2.2550779689428166	2.4423678481866498	2.6099093467562033	2.6277958044535237	2.6344398159839053	2.729909425823324	2.858108686600182	2.8637495165392397	2.919320773620033	2.943751076366063	2.9600682102560985	2.9780884965391534	3.0658662105257375	3.1315847512515345	3.1506328859703236
0.58	1.7503335193683123	1.7968245356845096	2.071827290489072	2.1337675262567983	2.150058440579801	2.156224941695393	2.3824086821898867	2.5129121368213725	2.5297622221361635	2.5355722051646277	2.66387154722441	2.778798795220731	2.7854364270956675	2.826548389445467	2.850168143742235	2.86236860951105	2.8785701967015003	2.9886171501353154	3.0386643117539105	3.059061363605738
0.59	1.6574115512029315	1.6978801968147859	1.9865835089819646	2.0366228564975346	2.0515212954704505	2.0572179128866135	2.316973725444653	2.4154782130155	2.4314097931367	2.436562225256366	2.6104045209576165	2.693754642158985	2.701053126148019	2.7322200439762176	2.754868150614441	2.76425601829294	2.77899572163647	2.90454801521963	2.94405195800909	2.9628930805893163
0.6	1.5629415770773516	1.5988057070896722	1.8975201005778413	1.9390527842148528	1.9527747990183202	1.958084993323011	2.2436418560501714	2.317696835035105	2.332809488277301	2.337434531740514	2.5695961478232054	2.6048734563736398	2.6126843564942126	2.6368339072978593	2.658422654243453	2.665831935725304	2.6793740129620334	2.815977891088824	2.848449074233869	2.865586348407532
0.61	1.4673736325875457	1.4996231129830981	1.8058108052749615	1.8411415982907466	1.853861385958428	1.858847901269585	2.162978434271891	2.219633745249692	2.2340125958399017	2.238208306848507	2.5133952390945242	2.520310239590525	2.5375627440590987	2.5437368785833057	2.5611907188093306	2.5671671230280966	2.5797122058004156	2.724457527053636	2.752192939445998	2.7676806528501436
0.62	1.3710022990561663	1.4003497086222159	1.7122570549086844	1.74295320733403	1.754812432646542	1.7595236553241014	2.0768164948653585	2.1213386397375706	2.1350571031782155	2.1388987209206	2.4201107594136824	2.4276187168481154	2.4434190675730054	2.463401709672579	2.4683123382863243	2.4800160610710273	2.518126443023867	2.6309613413013517	2.655629334892158	2.66938049662365
0.63	1.2740265821048107	1.3009992515206092	1.6173909463390959	1.6445368197287045	1.6556516886425592	1.6601257641798495	1.9868786883179288	2.02284988358692	2.035971746769079	2.0395179397284102	2.325530591378307	2.333061168130386	2.3461396463612085	2.365206106277766	2.3693049073372	2.380290279660784	2.499714762001398	2.5361108267439625	2.559999984616701	2.570796367276811
0.64	1.1765850173147592	1.2015828229134016	1.5215675432649847	1.5459308505106786	1.5563974956045525	1.5606650770034478	1.8943951521853313	1.9241976209619742	1.9367786667126827	1.9400758387963606	2.229993125564353	2.2374557269173705	2.2484405662903453	2.2667055724531338	2.2701728814452866	2.280538734379345	2.440206546010007	2.453941260114548	2.471997562499848	2.4772098894512853
0.65	1.0787767189755115	1.102109448285121	1.425028185572614	1.4471656641309187	1.4570642669577296	1.4611504007444966	1.8001714676569445	1.8254058969852327	1.837495196168292	1.8405805211715496	2.1337293677788556	2.1410845826093565	2.1504284466329717	2.1679707844332836	2.170937747730183	2.1807646436845105	2.343656669081665	2.359306521161926	2.3730310773497374	2.3779208130726905
0.66	0.9806743537260534	1.0025865526368163	1.327940735978296	1.348265534837314	1.3576635017930019	1.361588954747016	1.7047274279985194	1.7264941455188025	1.7381350977825512	1.7410386996339304	2.0369016197881544	2.0441303068848655	2.0521648717186376	2.069052195045434	2.0716162441700208	2.080970703505032	2.246543389618304	2.261568959992628	2.2739303858471196	2.2785450221666377
0.67	0.8823323672017098	0.9030202996828729	1.2304247506767156	1.2492500702804854	1.2582044965088173	1.2619867100466342	1.608403046709915	1.6274782564191606	1.6387094368375386	1.641455983334816	1.9396269650032991	1.9467208088246837	1.9536941633503488	1.9699866945708209	1.9722216046658376	1.9811591884689275	2.149002572404677	2.16325389977252	2.1747201784380192	2.179097645623769
0.68	0.7837923449146089	0.8034158481132421	1.1325673333087387	1.150135260127076	1.1586948550700518	1.1623486457708703	1.5114261382735155	1.5283713562152195	1.539227209909805	1.5418370957967693	1.84199188881318	1.84894893092613	1.8550501294460289	1.8708018421994046	1.8727644318766399	1.8813320304944767	2.0511235597113724	2.0646520206559704	2.075419162275185	2.0795902234292547
0.69	0.6850865957521277	0.7037775476665473	1.0344332893703103	1.050934258481821	1.0591408618890585	1.0626789451493206	1.413953453222077	1.4291843889424412	1.4396958053938809	1.4421860428160715	1.7440616293209161	1.7508837619759112	1.7562592784417634	1.7715186245014207	1.7732533212005972	1.781490880424614	1.9529714910417226	1.9658562533580288	1.976041821494384	1.9800317788712234
0.7	0.5862406041183359	0.6041090908944726	0.9360717641897889	0.9516579746302458	0.9595477589843009	0.9629811469799563	1.3160956824264192	1.3299265548172694	1.3401213461364683	1.3425062432699786	1.6458863184300414	1.6525777700287203	1.657342774830854	1.6721532981854401	1.6736953148132687	1.6816371568155692	1.8545952669546226	1.8669124317298866	1.8765995745427433	1.8804295045018535
0.71	0.48727474416038064	0.5044136318807535	0.8375206756308193	0.8523155239558617	0.8599199551558483	0.863258263853405	1.217932899121481	1.2306056460100727	1.240508947955362	1.2428006320956007	1.5475051168025034	1.5540715026326977	1.5583177534620853	1.5727186494161711	1.5740962373858038	1.5817720848911523	1.7560323786651022	1.767848889002571	1.7771015620642503	1.7807892232572877
0.72	0.3882055016938004	0.40469388001818984	0.7388097366425166	0.7529145756392719	0.7602611860386617	0.7635128752975104	1.1195243102441554	1.1312283067760505	1.1408629171850393	1.1430717421428063	1.4489490627721038	1.455396778764451	1.4591982479224828	1.473224872600896	1.4744609479597233	1.4818967278948807	1.6573120836637498	1.668685431002522	1.6775551986590882	1.6811157103865484
0.73	0.2890463607766165	0.3049521747503814	0.6399625576372623	0.6534616233188215	0.6605746381015107	0.663747201804008	1.0209145640154786	1.0318002372085235	1.041186903384487	1.043321769811409	1.3502430768341935	1.3565789092435354	1.3599958665905016	1.3736801954911866	1.374793531443308	1.3820120125112698	1.5584575689031048	1.5694369064038263	1.577966568545528	1.5814129249843076
0.74	0.1898084574277643	0.2051905456377039	0.5409981363135454	0.5539621976596036	0.5608630458040196	0.5639631641413594	0.9221379280055277	0.9323263544454274	0.9414840186370812	0.9435526281154978	1.2514073991855974	1.2576382734215898	1.2607202957405068	1.2740913316918334	1.2750974459801117	1.2821187496216147	1.4594874617602875	1.470114929669407	1.4783407151036996	1.4816841805480943
0.75	0.09050106879158903	0.10541076099984004	0.4419319318170585	0.4544210346943842	0.4611287685089831	0.46416243123980383	0.8232211197878083	0.8328109213986519	0.8417569316585674	0.8437659899065704	1.1524586387064857	1.1585914592787279	1.1613796803881509	1.1744638135199126	1.1753756376262827	1.1822176513597413	1.360416907799637	1.3707288391012598	1.378681856542137	1.381932273128982
0.76	-0.008868015879288649	0.005614367588474778	0.3427766516950177	0.35484221018389484	0.36137385194203286	0.36434645912503516	0.7241852654807746	0.7332576504314838	0.742007942696322	0.7439633233256329	1.0534105505679348	1.0594521013497729	1.0619809167250303	1.074802240466108	1.075630630503713	1.082309345211684	1.2612583538859803	1.2712862877721358	1.2789935490609117	1.2821595792392402
0.77	-0.1082922103911299	-0.09419727684200829	0.24354283700410484	0.25522924764535215	0.2616000777268752	0.2645165227829622	0.6250472814358119	0.6336697875235302	0.6422390436324745	0.6441459210687466	0.9542746209959665	0.9602315057023576	0.9625298794523145	0.9751104671635415	0.9758645983425138	0.9823943857373516	1.1620221267405273	1.1717936364629264	1.1792788120167934	1.1823681317322405
0.78	-0.20776591044374992	-0.19402297663132195	0.14423930329835244	0.1555852058106879	0.16180900362565698	0.1646737424005984	0.525820866511947	0.5340501810977027	0.542451966581031	0.5443149246888455	0.8550605127996684	0.8609391223708922	0.8630316004427527	0.875391747352305	0.8760794217485648	0.8824732643656548	1.0627168668574276	1.0722562295480902	1.0795402251406068	1.0825596793480656
0.79	-0.3072843201181765	-0.2938616758639103	0.044873477181827326	0.05591274988917316	0.062001996464602804	0.06481910509922262	0.42651722643106194	0.4344013386894865	0.44264822345790833	0.4444713448868294	0.7557764088888561	0.7615829068738531	0.763490410528771	0.7756488453921495	0.7762767344127468	0.7825464176200905	0.9633498584283986	0.9726785965481222	0.9797800048968366	0.9827357339560576
0.8	-0.40684331445201405	-0.3937124397063254	-0.0545483438633827	-0.04378579001389582	-0.03781974074593197	-0.03504651696922867	0.32714561052527724	0.3347254738991836	0.34282913841064033	0.34461607853880594	0.6564292800402178	0.662169599970098	0.6639100530239492	0.6758841235363962	0.6764579606752186	0.6826142340569943	0.8639272833485956	0.8730646037949583	0.8800000650706323	0.882897608403395
0.81	-0.5064393296457519	-0.4935744387467391	-0.15402078874415714	-0.14350837073619616	-0.13765514633734632	-0.13492235147977016	0.22771371495331483	0.23502454551994312	0.24299587455563376	0.24474992305146692	0.5570250957073046	0.5627049463781466	0.5642937753433221	0.5760996108852217	0.5766243462734897	0.5826770601425331	0.7644544190116296	0.7734175711570535	0.780202065283051	0.7830464471026017
0.82	-0.6060692746404213	-0.5934469357957326	-0.2535392530225691	-0.2432531961460116	-0.23750328125565634	-0.23480771320599025	0.12822798942710367	0.13530029031815172	0.14314945614386776	0.14487358851492793	0.45756899150891517	0.4631938673914906	0.46464440348960245	0.4762970583353212	0.47677698367525245	0.4827352052495799	0.6649357939407228	0.6737403634678945	0.6803874501642939	0.6831832509447917
0.83	-0.7057304593841156	-0.6933292747157269	-0.3530997719299265	-0.3430186839041687	-0.33736331337743675	-0.3347019932761013	0.028693873230326794	0.03555425062956186	0.0432907870304895	0.04498770803149732	0.35806540341139215	0.3636405982851043	0.36496440301500854	0.37647798271141664	0.37691683307923896	0.3827889459211402	0.5653753114075855	0.5740354631552762	0.5805574812231509	0.5833088977341578
0.84	-0.8054205362489562	-0.7932208709337916	-0.4526989185854182	-0.44280343766180863	-0.4372345043151258	-0.4346046500703604	-0.0708840212565498	-0.06421220230882252	-0.056579333865233394	-0.05490715347667052	0.258518176046163	0.2640487985531639	0.26525592922163366	0.27664370245271375	0.2770447399310241	0.2828385295191689	0.46577634847140104	0.4743050286032622	0.480713262951566	0.48342415905408753
0.85	-0.9051374518981854	-0.8931212033572438	-0.552333721807373	-0.5426062237110152	-0.5371161982710095	-0.5345152014827947	-0.17050176448084464	-0.16399784855566057	-0.15646019956523016	-0.15481049173438421	0.15893065075140989	0.16442164097235068	0.16552086873766214	0.1767953666371751	0.17716144962417957	0.1828841773557972	0.36614183594458893	0.3745509414987813	0.380855764338226	0.3835297142665164
0.86	-1.0048794075246938	-0.9930298074658701	-0.6520015992974741	-0.6424259513057988	-0.6370078125895438	-0.6344332183241468	-0.27015599562639636	-0.26380160260191676	-0.25635118407022883	-0.2547218566535516	0.059305737576533346	0.06476188399947613	0.06576087414186649	0.07693397868996055	0.07726761992677122	0.08292608738675433	0.26647432341047494	0.27477484554898357	0.2809858366949314	0.2836261621888161
0.87	-1.1046448258501114	-1.0929462693962586	-0.7517003029969471	-0.7422616560254829	-0.7369088297248103	-0.7343583186838787	-0.36984383155985423	-0.36362249897142007	-0.35625173308333746	-0.3546408467829476	-0.04035402550685685	-0.03492806908377322	-0.03402260703605364	-0.02293958420778619	-0.022636168421742653	-0.017035563467930892	0.1667760324151999	0.17497817835381113	0.18110422849794805	0.18371403087526783
0.88	-1.2044323236220853	-1.1928702208667072	-0.8514278741635444	-0.8421124856751927	-0.8368187903955464	-0.834290163103339	-0.4695627936566984	-0.46345967989902714	-0.45616135613998665	-0.45456710453191107	-0.14004642368291176	-0.1346461216893413	-0.13382830786262012	-0.1228245552506424	-0.12254940255921998	-0.11700061732152811	0.06704890021871623	0.07516219778882327	0.08121159779336296	0.08379378583934916
0.89	-1.3042406886198625	-1.2928013348189902	-0.9511826062769249	-0.941977688314493	-0.9367372877423543	-0.934228450438126	-0.5693107486417466	-0.5633123847714918	-0.5560796199191671	-0.5545003120570327	-0.23976952471153634	-0.23439044415458987	-0.23365512118888176	-0.22272026513701615	-0.22247162944242138	-0.2169689335918985	-0.03270538405694268	-0.024671996059963064	-0.01869147740003374	-0.016134163015109948
0.9	-1.4040688603811269	-1.3927393216743145	-1.0509630143026039	-1.0418566020823716	-1.036663962336327	-1.0341729143100613	-0.6690858605187886	-0.6631799410742927	-0.6560061425523047	-0.6544401877195156	-0.3395216451659042	-0.3341594412639397	-0.3335020816623393	-0.32262613184518685	-0.32240244851786937	-0.3169403875093275	-0.13248534945494495	-0.1245234425983055	-0.11860449034720943	-0.1160694555402948
0.91	-1.5039159140260292	-1.4926839261192457	-1.1507678091621054	-1.1417486465477058	-1.13659849791551	-1.1341233200661955	-0.7688865513569079	-0.7630617566316644	-0.7559405887805344	-0.7543864830363232	-0.4393013222851181	-0.43395172612805055	-0.43336834972638716	-0.422541652922253	-0.42234150469127485	-0.4169148688295552	-0.23228971827068	-0.2243913054283988	-0.21852699823828914	-0.2160117763964413
0.92	-1.603781046678363	-1.5926349243517395	-1.2505958765047893	-1.2416533153644975	-1.2365406177478748	-1.2340794621767674	-0.8687114692187405	-0.8629573129667447	-0.8558826658385899	-0.8543389800622636	-0.5391072904920202	-0.5337661000536329	-0.5332531965722058	-0.5224664004307158	-0.5222884809990713	-0.51689228072674	-0.332117385321018	-0.3242748595534133	-0.3184586159958833	-0.3159608508712779
0.93	-1.703663566082934	-1.6925921217289286	-1.3504462590644337	-1.3415701700512246	-1.3364900815383818	-1.3340411620164696	-0.9685594619046647	-0.9628661596376427	-0.9558321199652333	-0.9542974891498179	-0.6389384618188574	-0.6336015388967251	-0.6331559884334172	-0.6224000191318924	-0.6222430900402642	-0.6168725388443326	-0.4319674007021037	-0.42417348068384797	-0.41839901107178523	-0.415916441354681
0.94	-1.8035628810973954	-1.7925553507694891	-1.4503181420336233	-1.4414988347462314	-1.4364466828105975	-1.4340082659817552	-1.0684295554819325	-1.0627879094315853	-1.0557887334588951	-1.0542618470429925	-0.7387939096389964	-0.7334571880861711	-0.7330761671463462	-0.7223422292382162	-0.7222050625441012	-0.7168555704864232	-0.5318389554860703	-0.5240866363274455	-0.5183478990908243	-0.5158783443779287
0.95	-1.9034784937999092	-1.8925244694707013	-1.550210841005061	-1.5414389918191649	-1.5364102467086687	-1.5339806439067898	-1.1683209367965448	-1.1627222343195172	-1.1557523222116535	-1.1542319152689116	-0.8386728552231375	-0.8333323725219124	-0.8330132200587439	-0.8222928364137596	-0.8221741301611196	-0.8168413139342316	-0.631731369920554	-0.624013878409607	-0.6183050402278623	-0.6158463881441172
0.96	-2.0034099930049782	-1.992499359907657	-1.6501237921229306	-1.6413903782395867	-1.6363806281722821	-1.6339581877463525	-1.268232939342309	-1.2626688620918296	-1.255722733667544	-1.2542075787974678	-0.9385746567382798	-0.9332266385432275	-0.9329666215265462	-0.9222517539205928	-0.9221499973921174	-0.916829717875995	-0.7316440837850076	-0.7239548372217808	-0.7182702362261475	-0.7158204304908455
0.97	-2.103357049022364	-2.092479927088198	-1.7500565441628293	-1.7413527826244195	-1.7363577104492185	-1.7339408105003065	-1.3681650320013166	-1.3626275736106566	-1.3556998451612277	-1.3541887449448557	-1.0384988003861135	-1.0331398790719	-1.0329356944430836	-1.0222190440696437	-1.0221322953462542	-1.016820740939849	-0.8315766486312679	-0.8239092165380715	-0.818243327983506	-0.8158003572372889
0.98	-2.203319409530687	-2.1924660980439086	-1.8500087523205	-1.8413260429011427	-1.836341403915041	-1.8339284453591684	-1.4681168102818507	-1.462598200626939	-1.4556835626024007	-1.4541753425008608	-1.1384448934441629	-1.1330727072195579	-1.1329192261608956	-1.1221949808277438	-1.1221205153601659	-1.1168143513220548	-0.9315287216956447	-0.9238767897746731	-0.9182241936491362	-0.9157860808788056
0.99	-2.3032968964636025	-2.2924578211378526	-1.9499801735424844	-1.9413100445378548	-1.9363316451778312	-1.9339210450556044	-1.56808798977164	-1.562580624122348	-1.5556738194791206	-1.554167321065492	-1.2384126590284605	-1.2330275801697228	-1.232914336725976	-1.2221800919915875	-1.222113963976116	-1.2168105265038456	-1.0315000613203562	-1.023857397095318	-1.018212747186416	-1.0157775395996191
1.0	-2.4032894038367276	-2.3924550655797105	-2.0499706632742987	-2.0413047193042484	-2.0363283964503225	-2.033918581408966	-1.6680784016004164	-1.662574773145562	-1.655670576159662	-1.6541646505830752	-1.3384019324435892	-1.333010779690639	-1.332914492868868	-1.32217502277404	-1.3221118973675372	-1.3168092530525835	-1.1314905237640671	-1.1238509433925268	-1.118208937368891	-1.1157746965823456
1.01	-2.503296896463582	-2.4924578211378403	-2.1499801735424624	-2.1413100445378657	-2.1363316451778154	-2.133921045055586	-1.768087989771633	-1.7625806241223536	-1.7556738194791217	-1.754167321065518	-1.4384126590284465	-1.4330275801697283	-1.4329143367259967	-1.422180091991632	-1.4221139639761518	-1.4168105265038324	-1.231500061320344	-1.2238573970953004	-1.218212747186442	-1.2157775395996184
1.02	-2.6033194095306875	-2.5924660980439036	-2.25000875232052	-2.2413260429011395	-2.236341403915052	-2.2339284453591812	-1.8681168102818484	-1.8625982006269721	-1.8556835626023949	-1.854175342500854	-1.5384448934441624	-1.5330727072195742	-1.5329192261608977	-1.5221949808277557	-1.5221205153601742	-1.5168143513220569	-1.3315287216956326	-1.3238767897746744	-1.3182241936491383	-1.315786080878821
1.03	-2.703357049022393	-2.692479927088243	-2.3500565441628405	-2.3413527826244342	-2.336357710449234	-2.3339408105003274	-1.9681650320013295	-1.9626275736106829	-1.9556998451612433	-1.9541887449448607	-1.6384988003861318	-1.633139879071912	-1.6329356944430806	-1.6222190440696824	-1.6221322953462725	-1.6168207409398905	-1.4315766486312684	-1.4239092165380915	-1.4182433279835172	-1.415800357237317
1.04	-2.8034099930049328	-2.7924993599076116	-2.450123792122956	-2.4413903782395883	-2.436380628172322	-2.433958187746396	-2.068232939342322	-2.062668862091856	-2.055722733667568	-2.0542075787974943	-1.7385746567382938	-1.7332266385432256	-1.7329666215265433	-1.722251753920589	-1.7221499973921208	-1.7168297178760046	-1.5316440837850127	-1.5239548372217682	-1.5182702362261526	-1.5158204304908507
1.05	-2.9034784937998923	-2.8925244694707066	-2.5502108410050193	-2.5414389918191365	-2.5364102467086767	-2.533980643906765	-2.168320936796537	-2.162722234319517	-2.1557523222116615	-2.1542319152689053	-1.838672855223142	-1.8333323725219026	-1.833013220058743	-1.8222928364137596	-1.8221741301611214	-1.816841313934237	-1.6317313699205815	-1.6240138784096203	-1.6183050402278631	-1.6158463881441065
1.06	-3.0035628810973716	-2.9925553507694813	-2.650318142033565	-2.6414988347462183	-2.6364466828105693	-2.6340082659817003	-2.2684295554819425	-2.2627879094315944	-2.2557887334588784	-2.254261847043	-1.9387939096390019	-1.933457188086166	-1.9330761671463392	-1.9223422292381915	-1.9222050625440792	-1.916855570486426	-1.7318389554860776	-1.7240866363274723	-1.7183478990908139	-1.7158783443779164
1.07	-3.103663566082915	-3.0925921217289094	-2.7504462590644296	-2.7415701700511814	-2.7364900815383404	-2.734041162016463	-2.3685594619046686	-2.3628661596376404	-2.3558321199652568	-2.3542974891498147	-2.0389384618188693	-2.0336015388967272	-2.033155988433416	-2.0224000191318874	-2.0222430900402673	-2.0168725388443463	-1.831967400702112	-1.8241734806838688	-1.8183990110717962	-1.815916441354683
1.08	-3.2037810466783636	-3.1926349243517027	-2.850595876504772	-2.841653315364508	-2.836540617747869	-2.8340794621767973	-2.4687114692187277	-2.4629573129667106	-2.4558826658385913	-2.454338980062224	-2.1391072904920048	-2.133766100053613	-2.1332531965721904	-2.1224664004306986	-2.122288480999079	-2.116892280726721	-1.9321173853210212	-1.9242748595534138	-1.918458615995875	-1.915960850871266
1.09	-3.303915914026094	-3.2926839261193077	-2.9507678091621363	-2.941748646547727	-2.9365984979155115	-2.934123320066197	-2.5688865513568855	-2.5630617566316793	-2.5559405887805573	-2.5543864830363168	-2.2393013222851224	-2.2339517261280566	-2.2333683497263914	-2.22254165292225	-2.2223415046912596	-2.2169148688295612	-2.0322897182706727	-2.024391305428413	-2.0185269982383005	-2.0160117763964545
1.1	-3.4040688603811518	-3.3927393216743322	-3.050963014302628	-3.0418566020823707	-3.036663962336368	-3.034172914310096	-2.6690858605188152	-2.6631799410743	-2.65600614255232	-2.6544401877195165	-2.339521645165907	-2.3341594412639353	-2.333502081662365	-2.322626131845203	-2.3224024485178854	-2.3169403875093266	-2.132485349454927	-2.124523442598311	-2.118604490347221	-2.1160694555402912
1.11	-3.504240688619886	-3.4928013348190117	-3.1511826062769224	-3.1419776883144976	-3.136737287742374	-3.1342284504381333	-2.7693107486417476	-2.7633123847715	-2.756079619919155	-2.7545003120570417	-2.439769524711566	-2.4343904441545927	-2.43365512118888	-2.422720265137034	-2.4224716294424367	-2.416968933591913	-2.232705384056972	-2.2246719960599703	-2.218691477400048	-2.216134163015118
1.12	-3.60443232362209	-3.5928702208667183	-3.2514278741635483	-3.242112485675154	-3.236818790395535	-3.234290163103326	-2.8695627936567014	-2.8634596798990426	-2.856161356139988	-2.8545671045318928	-2.540046423682889	-2.5346461216893283	-2.533828307862608	-2.5228245552506277	-2.522549402559209	-2.5170006173215116	-2.332951099781287	-2.324837802211185	-2.3187884022066267	-2.316206214160627
1.13	-3.704644825850078	-3.6929462693962343	-3.3517003029969388	-3.3422616560254603	-3.336908829724816	-3.334358318683867	-2.9698438315599276	-2.9636224989714277	-2.9562517330833558	-2.9546408467829446	-2.640354025506876	-2.634928069083747	-2.634022607036049	-2.622939584207784	-2.622636168421727	-2.617035563467911	-2.433223967584782	-2.4250218216461867	-2.4188957715020596	-2.4162859691247176
1.14	-3.804879407524721	-3.793029807465862	-3.4520015992974518	-3.4424259513057844	-3.437007812589515	-3.4344332183241146	-3.070155995626413	-3.0638016026019077	-3.0563511840702446	-3.054721856653572	-2.740694262423464	-2.735238116000513	-2.7342391258581156	-2.7230660213100553	-2.722732380073241	-2.7170739126132597	-2.5335256765895204	-2.525225154451012	-2.519014163305079	-2.5163738378111606
1.15	-3.905137451898156	-3.8931212033572447	-3.5523337218073134	-3.542606223710985	-3.53711619827099	-3.5345152014827583	-3.170501764480827	-3.1639978485556437	-3.1564601995652186	-3.154810491734361	-2.841069349248584	-2.8355783590276475	-2.8344791312623077	-2.8232046333628222	-2.822838550375809	-2.817115822644201	-2.6338581640554315	-2.6254490585012222	-2.6191442356617882	-2.616470285733488
1.16	-4.005420536249014	-3.9932208709338024	-3.6526989185854024	-3.6428034376618115	-3.6372345043150727	-3.6346046500703544	-3.27088402125654	-3.2642122023088316	-3.256579333865238	-3.254907153476676	-2.9414818239538416	-2.935951201446839	-2.934744070778363	-2.9233562975472935	-2.922955260068954	-2.9171614704808304	-2.7342236515286036	-2.725694971396731	-2.719286737048427	-2.716575840945908
1.17	-4.105730459384059	-4.093329274715675	-3.7530997719299215	-3.7430186839042054	-3.7373633133774504	-3.73470199327609	-3.3713061267696514	-3.3644457493704376	-3.356709212969472	-3.355012291968478	-3.041934596588618	-3.0363594017149005	-3.035035596984981	-3.023522017288599	-3.0230831669207454	-3.017211054078876	-2.8346246885924495	-2.8259645368447313	-2.8194425187768672	-2.8166911022658105
1.18	-4.20606927464045	-4.193446935795718	-3.853539253022552	-3.8432531961460086	-3.837503281255678	-3.8348077132059863	-3.4717720105729253	-3.4646997096818293	-3.4568505438561345	-3.455126411485084	-3.1424310084910694	-3.1368061326085055	-3.1353555965103936	-3.123702941664652	-3.123223016324747	-3.1172647947504224	-2.9350642060592937	-2.926259636532106	-2.9196125498356924	-2.9168167490552293
1.19	-4.306439329645746	-4.2935744387467505	-3.9540207887441507	-3.9435083707362075	-3.937655146337306	-3.934922351479811	-3.572286285046637	-3.5649754544800576	-3.5570041254443776	-3.5552500769485302	-3.2429749042927156	-3.23729505362188	-3.2357062246567043	-3.223900389114764	-3.223375653726526	-3.217322939857482	-3.035545580988382	-3.0265824288429766	-3.0197979347169532	-3.0169535528974176
1.2	-4.406843314452013	-4.393712439706286	-4.0545483438634164	-4.043785790013905	-4.037819740745979	-4.03504651696918	-3.6728543894747254	-3.6652745261007826	-3.657170861589359	-3.65538392146118	-3.343570719959777	-3.3378304000298886	-3.336089946976033	-3.3241158764635905	-3.3235420393247654	-3.317385765943021	-3.1360727166513858	-3.126935396205022	-3.1199999349293286	-3.117102391596637
1.21	-4.507284320118135	-4.493861675863865	-4.1551265228180885	-4.144087250110832	-4.137998003535394	-4.135180894900769	-3.7734827735689223	-3.765598661310527	-3.7573517765420803	-3.7555286551131903	-3.444223591111145	-3.438417093126139	-3.436509589471207	-3.4243511546078373	-3.4237232655872365	-3.417453582379892	-3.2366501415716016	-3.227321403451878	-3.2202199951031645	-3.2172642660439443
1.22	-4.607765910443744	-4.594022976631301	-4.255760696701644	-4.244414794189311	-4.238190996374344	-4.235326257599377	-3.8741791334880133	-3.8659498189023083	-3.8575480334189756	-3.8556850753111522	-3.544939487200354	-3.5390608776291295	-3.5369683995572405	-3.5246082526477203	-3.5239205782514684	-3.517526735634373	-3.3372831331425967	-3.327743770451935	-3.3204597748594047	-3.3174403206519436
1.23	-4.708292210391097	-4.69419727684201	-4.356457162995877	-4.344770752354613	-4.338399922273085	-4.335483477217007	-3.9749527185641913	-3.966330212476466	-3.9577609563675136	-3.955854078931244	-3.645725379004018	-3.6397684942976465	-3.637470120547709	-3.624889532836452	-3.6241354016574867	-3.617605614262649	-3.4379778732594346	-3.428206363537095	-3.4207211879832276	-3.4176318682677937
1.24	-4.80886801587932	-4.794385632411524	-4.457223348304961	-4.445157789816125	-4.438626148057976	-4.435653540874968	-4.075814734519197	-4.066742349568495	-4.05799205730367	-4.056036676674285	-3.746589449432049	-3.7405478986501954	-3.7380190832749687	-3.725197759533886	-3.7243693694962907	-3.717690654788294	-3.538741646113989	-3.528713712227857	-3.5210064509390815	-3.5178404207607787
1.25	-4.909498931208416	-4.894589239000149	-4.558068068182937	-4.5455789653055785	-4.538871231490999	-4.535837568760181	-4.176778880212163	-4.167189078601362	-4.158243068341413	-4.156234010093428	-3.8475413612935245	-3.841408540721295	-3.83862031961184	-3.8255361864800825	-3.8246243623737115	-3.817782348640268	-3.639583092200372	-3.6292711608987283	-3.6213181434578647	-3.618067726871031
1.26	-5.0101915425722225	-4.994809454362263	-4.659001863686429	-4.64603780234043	-4.639136954195989	-4.636036835858661	-4.2778620719944485	-4.26767364555454	-4.2585159813629065	-4.2564473718844855	-3.948592600814397	-3.9423617265784134	-3.939279704259498	-3.9259086683081605	-3.924902554019887	-3.9178812503783824	-3.7405125382397184	-3.729885070330596	-3.7216592848962673	-3.7183158194519184
1.27	-5.1109536392233625	-5.095047825249603	-4.760037442362792	-4.746538376681238	-4.739425361898471	-4.736252798195991	-4.379085435984493	-4.368199762791491	-4.35881309661551	-4.356678230188587	-4.049756923165795	-4.043421090756475	-4.040004133409484	-4.0263198045088	-4.025206468556696	-4.017987987488711	-3.8415424310969097	-3.8305630935961794	-3.8220334314544377	-3.81858707501568
1.28	-5.211794498306233	-5.195306119981826	-4.861190263357528	-4.847085424360737	-4.83973881396134	-4.8364871247025025	-4.480475689755847	-4.46877169322393	-4.45913708281496	-4.456928257857204	-4.151050937227904	-4.144603221235554	-4.140801752077515	-4.126775127399116	-4.125539052040233	-4.118103272105101	-3.9426879163362383	-3.931314568997461	-3.922444801340937	-3.918884289613441
1.29	-5.312725255839693	-5.29558636811929	-4.962479324369168	-4.947684476044138	-4.940080044844159	-4.936741736146589	-4.582067100878486	-4.569394353989924	-4.559491052044647	-4.557199367904394	-4.252494883197517	-4.245928497367311	-4.241682246537929	-4.227281350583866	-4.225903762614198	-4.218227915108894	-4.043967621334918	-4.032151110997415	-4.022898437935748	-4.019210776742742
1.3	-5.413759395881687	-5.395890909105525	-5.063928235810225	-5.048342025369736	-5.040452241015702	-5.03701885302007	-4.683904317573559	-4.670073445182732	-4.659878653863563	-4.657493756730016	-4.354113681569986	-4.347422229971295	-4.342657225169173	-4.327846701814554	-4.326304685186729	-4.318362843184442	-4.145404733045321	-4.133087568270115	-4.123400425457257	-4.119570495498145
1.31	-5.5149134042478725	-5.496222452333445	-5.165566710629669	-5.149065741518164	-5.140859138110921	-5.137321054850656	-4.786046546777911	-4.770815611057577	-4.760304194606137	-4.757813957183938	-4.455938370679075	-4.4491162380241125	-4.443740721558248	-4.428481375498576	-4.426746678799386	-4.418509119575404	-4.247028508958273	-4.234143746641978	-4.223958178505594	-4.219968221128758
1.32	-5.61620765508537	-5.596584151886754	-5.2674326666912314	-5.24986473987296	-5.241305144929962	-5.237651354229165	-4.888573861726499	-4.871628643784748	-4.86077279009017	-4.858162904203217	-4.558008111186817	-4.551051069073864	-4.544949870553982	-4.529198157800582	-4.527235568123354	-4.518667969505509	-4.348876440288615	-4.335347979344041	-4.324580837724822	-4.320409776570722
1.33	-5.7176676327982765	-5.69697970031716	-5.369575249323299	-5.35074992971953	-5.341795503491241	-5.338013289953395	-4.9915969532901165	-4.972521743580847	-4.961290563162482	-4.9585440166651935	-4.660373034996718	-4.6532791911753275	-4.646305836649665	-4.630013305429182	-4.6277783953341824	-4.618840811531076	-4.450997427595311	-4.436746100227486	-4.425279821561968	-4.420902354376217
1.34	-5.819325646273935	-5.797413447363164	-5.472059264021706	-5.451734465162737	-5.442336498206995	-5.43841104525303	-5.095272572001512	-5.073505854481249	-5.061864902217474	-5.058961300366088	-4.7630983802119005	-4.755869693115152	-4.747835128281391	-4.730947804954576	-4.728383755829972	-4.719029296494984	-4.55345661038171	-4.538431040007362	-4.526069614152881	-4.521454977833356
1.35	-5.9212232810245045	-5.897890551714941	-5.574971814427432	-5.552834335869088	-5.542935733042228	-5.5388495992554745	-5.199828532343101	-5.174594103014817	-5.162504803831732	-5.159419478828511	-4.866270632221147	-4.858915417390637	-4.849571553367031	-4.832029215566731	-4.829062252269821	-4.819235356315492	-4.656343330918345	-4.64069347883809	-4.626968922650255	-4.62207918692731
1.36	-6.023414982685241	-5.998417177086587	-5.678432456735013	-5.654069149489327	-5.6436025043954725	-5.639334922996563	-5.305604847814733	-5.275802379038073	-5.263221333287387	-5.25992416120371	-4.970006874435713	-4.962544273082692	-4.95155943370967	-4.9332944275469135	-4.929827118554757	-4.9194612656207095	-4.759793453989985	-4.746058739885488	-4.7280024375001055	-4.7227901105486865
1.37	-6.125973417895176	-6.0990007484793445	-5.782609053660936	-5.755463180271308	-5.744348311357443	-5.739874235820148	-5.413121311682094	-5.37715011641307	-5.36402825323089	-5.360482060271579	-5.074469408621692	-5.066938831869603	-5.053860353638791	-5.034793893722215	-5.0306950926627785	-5.019709720339225	-4.900285237998606	-4.863889173256	-4.8400000153833105	-4.829203632723189
1.38	-6.228997700943852	-6.19965029137779	-5.8877429450913485	-5.857046792665953	-5.845187567353454	-5.840476344675922	-5.523183505134616	-5.478661360262407	-5.464942896821745	-5.461101279079365	-5.179889240586283	-5.172381283151886	-5.156580932426996	-5.136598290327425	-5.131687661713638	-5.119983938928975	-5.081873556976147	-4.969038658698677	-4.944370665107845	-4.930619503376368
1.39	-6.332626367412434	-6.300376887016874	-5.994189194725013	-5.958858401709252	-5.946138614041567	-5.941152098730395	-5.637021565728114	-5.580366254750336	-5.565987404160126	-5.561791693151493	-5.286604760905471	-5.279689760409502	-5.262437255940915	-5.256263121416673	-5.238809281190669	-5.232832876971916	-5.220287794199617	-5.0755424729463545	-5.0478070605539695	-5.032319347149858
1.4	-6.437058422922631	-6.401194292910317	-6.102479899422207	-6.060947215785216	-6.047225200981687	-6.041915006677	-5.756358143949832	-5.682303164964859	-5.667190511722703	-5.662565468259471	-5.430403852176788	-5.395126543626347	-5.387315643505778	-5.36316609270218	-5.341577345756551	-5.334168064274714	-5.320625987037985	-5.184022108911215	-5.151550925766127	-5.1344136515924745
1.41	-6.542588448797018	-6.502119803185151	-6.213416491018057	-6.1633771435024585	-6.148478704529529	-6.142782087113391	-5.883026274555357	-5.784521786984524	-5.768590206863266	-5.763437774743647	-5.589595479042368	-5.506245357840987	-5.498946873851905	-5.467779956023696	-5.445131849385545	-5.435743981707045	-5.421004278363531	-5.295451984780389	-5.25594804199093	-5.237106919410708
1.42	-6.649666480631685	-6.603175464315463	-6.328172709510985	-6.266232473743235	-6.249941559420186	-6.2437750583046565	-6.017591317810126	-5.887087863178685	-5.870237777863901	-5.864427794835391	-5.736128452775544	-5.621201204779293	-5.614563572904338	-5.573451610554537	-5.549831856257823	-5.537631390488965	-5.521429803298467	-5.411382849864687	-5.36133568824606	-5.340938636394261
1.43	-6.759000856586123	-6.704389830102002	-6.44829344104704	-6.3696263281238075	-6.3516727550436425	-6.3449220310572	-6.157632151813351	-5.9900906532438345	-5.97220419554653	-5.965560184016079	-5.870090574176672	-5.741891313399842	-5.736250483460784	-5.68067922637999	-5.656248923633939	-5.639931789743903	-5.62191150346084	-5.534133789474238	-5.4684152487484585	-5.449367114029707
1.44	-6.8717289561822135	-6.805800556724881	-6.575259714480296	-6.473713570856857	-6.453756996679894	-6.446259962455461	-6.298065436448654	-6.093655529385062	-6.074590548826361	-6.066867282333581	-5.99402139599756	-5.870915816384262	-5.866625442141553	-5.790244562150063	-5.76528623350306	-5.742795610943217	-5.722460732267386	-5.66652096535789	-5.582496428242049	-5.578529321398584
1.45	-6.989661235130496	-6.907458345960402	-6.7092490887081375	-6.578711083980018	-6.556320682780848	-6.54783828724814	-6.43387581037503	-6.197967412099347	-6.1775458568053665	-6.168392738786208	-6.111087006147564	-6.010924164532339	-6.008167460352746	-5.903587379245701	-5.878300092920632	-5.8464543574752454	-5.823092119096611	-5.810366698043435	-5.719035488465954	-5.715454685936981
1.46	-7.115464379262361	-7.009433125790487	-6.847714557093097	-6.6849304904522775	-6.6595612290473	-6.649724424397402	-6.562604931021166	-6.303323287755628	-6.281299010636658	-6.270198865644277	-6.223860041293426	-6.163016341559761	-6.161667374801693	-6.023996454648874	-5.9971274917363555	-5.963868994178322	-5.951280323983394	-5.923824830048101	-5.856284712391734	-5.8460199877815935
1.47	-7.252274183834359	-7.11182408782299	-6.9857397531131	-6.792832119640545	-6.763804006954624	-6.752012380239252	-6.6845912404677374	-6.410312414142073	-6.3862193558708125	-6.372399701969128	-6.335104468860145	-6.325627733949808	-6.324331789604715	-6.161109592406524	-6.1239626079189335	-6.117306825697279	-6.057907944518721	-6.024684452636301	-5.98913926627492	-5.96818046503587
1.48	-7.402181377843553	-7.2147766641234785	-7.118793596016202	-6.903114478165222	-6.869619516664523	-6.854836714885137	-6.801541501994876	-6.521906753197483	-6.495828446609982	-6.494706013318174	-6.492936137323644	-6.474687961610931	-6.442093636141156	-6.323133458461893	-6.262036767506473	-6.26105400767252	-6.167585527566443	-6.125705891679528	-6.121443126813791	-6.111803978956772
1.49	-7.564699668142325	-7.318512600752646	-7.245336408699917	-7.016857254985132	-6.978075954734679	-6.958396366285486	-6.915287644017878	-6.677295966180392	-6.668832221473959	-6.627028699581803	-6.602608581206324	-6.578108762317546	-6.550454587337764	-6.4960134859088985	-6.41087448445832	-6.409854189345392	-6.292240687286725	-6.291571615362416	-6.276201962468175	-6.248005284266945
1.5	-7.737292360817188	-7.423386052814626	-7.366650849433462	-7.13571605320676	-7.091275222375122	-7.062997812981584	-7.027392291797328	-6.854169702804615	-6.840934410169941	-6.745091946945422	-6.717451415413679	-6.682287113021323	-6.674116514957058	-6.655040250440647	-6.5698535310149655	-6.5697836485847585	-6.468834665460383	-6.4639923892214135	-6.4000881507654	-6.380892409216527
1.51	-7.917094910452914	-7.529994026728081	-7.485145242745132	-7.262037626075944	-7.21320048042279	-7.1691384391866855	-7.1392795562902975	-7.031365444581617	-7.006247421212059	-6.874297138513722	-6.841680952370453	-6.840779444584085	-6.787827713577471	-6.765539137683277	-6.738541522046255	-6.737355990935539	-6.642993940842349	-6.633210100305526	-6.531320816717425	-6.520119230343031
1.52	-8.101866043191485	-7.639403936335542	-7.603489234717465	-7.398359990197605	-7.3492221799902	-7.277676491047776	-7.2528114034384945	-7.206366506694465	-7.157731368277755	-7.026591831732421	-6.992789169404258	-6.981419939259958	-6.9131359325250745	-6.910339649806204	-6.8949351595066215	-6.87584009689982	-6.808815085825881	-6.790856095318803	-6.6755108830139545	-6.669299120882531
1.53	-8.290075427689038	-7.753622029369273	-7.724923908550123	-7.545449170087387	-7.500304717063006	-7.390184732509896	-7.384377626658885	-7.364907334555655	-7.29230379288493	-7.183319895965724	-7.148055001601948	-7.139642455640368	-7.088892467353654	-7.0844523111100735	-7.006193946951619	-6.9894758361556555	-6.962415010416077	-6.934634347462342	-6.833235057391118	-6.829895631392747
1.54	-8.480716089651875	-7.876390640151673	-7.854247371037127	-7.69983061122606	-7.658496699297844	-7.555525209662591	-7.509623905217548	-7.490460908173915	-7.414577470045609	-7.33144117861832	-7.316089155672527	-7.311696835998246	-7.262579737363586	-7.2550804524610655	-7.123403098036876	-7.109658090887468	-7.106278186811419	-7.07137875550891	-7.002326180702257	-7.000717246116713
1.55	-8.673122017661212	-8.013411639788155	-7.997869988222	-7.855283636532514	-7.8126979231381615	-7.727991806919107	-7.641042078957952	-7.6268831498675524	-7.5310978036501925	-7.4920911568322275	-7.490643177799791	-7.4706303644972145	-7.428576807714238	-7.416487831582771	-7.251817142196099	-7.249329766659338	-7.240540419455341	-7.2118220230174135	-7.179297015984563	-7.179276589250602
1.56	-8.866843344215656	-8.168793507183276	-8.159183123976959	-8.011320158479158	-7.956392369210407	-7.895816779380338	-7.789883617920044	-7.780929250526249	-7.671190090333132	-7.670161120870709	-7.646759291405353	-7.603657733173035	-7.582012125321221	-7.565792618877113	-7.3979086423354445	-7.397574190212666	-7.3883514836463515	-7.369242793608599	-7.363083656927481	-7.354937706751246
1.57	-9.061568309262316	-8.340145222249015	-8.334555587375727	-8.176421993535852	-8.09275401010102	-8.05417043111997	-7.956393603085475	-7.95130526027704	-7.848613794838609	-7.844735099723357	-7.765925046363433	-7.734663356532263	-7.72466365898347	-7.708463865983392	-7.5630567575286864	-7.5610511172824175	-7.553236826510572	-7.5527487074044295	-7.541592244994336	-7.516185314905039
1.58	-9.25707525758023	-8.52171165650325	-8.518406578369662	-8.353972770239848	-8.231563302741678	-8.208324313336645	-8.13526222862536	-8.13236770559188	-8.01687897269602	-8.009266070774526	-7.894202315626027	-7.87042885023058	-7.866060269329269	-7.855141648494433	-7.743313696922565	-7.742465215291938	-7.741113986139657	-7.739606467031491	-7.693979173368902	-7.673953942059812
1.59	-9.453202791456457	-8.70915291382914	-8.707105429317235	-8.539745990252742	-8.382917721933831	-8.369985091183143	-8.321289194769498	-8.319552125903249	-8.169158435983388	-8.157852207626267	-8.038238794314966	-8.019422524662021	-8.017039135734136	-8.013715764966822	-7.934955776476562	-7.934282344937692	-7.927248680900089	-7.926219519623798	-7.839408775492631	-7.820664633180787
1.6	-9.649830822941668	-8.900050293684812	-8.898717770515995	-8.72998757147977	-8.550510550487505	-8.543696378392744	-8.511404340387509	-8.510297023037145	-8.303676482216723	-8.29059354166607	-8.200559256266606	-8.188133926219685	-8.182748882133868	-8.182169009976363	-8.128049638436627	-8.127388445756669	-8.117332763638199	-8.116636443429517	-7.985312622700642	-7.952044400355991
1.61	-9.846868255684859	-9.093109275479184	-9.092203171150882	-8.922778176882094	-8.73036553266264	-8.726668408294943	-8.70399154460866	-8.703247354830612	-8.425994105231634	-8.413768791363957	-8.376860844543152	-8.369088443544639	-8.360669694996117	-8.360231367673832	-8.321353021110793	-8.320330932643335	-8.309881425047761	-8.309392046084856	-8.147299360883107	-8.116400857313037
1.62	-10.044244783070283	-9.287606114081463	-9.286966590784779	-9.117160386952238	-8.917382321874017	-8.915231357769825	-8.89817835663011	-8.89765595989829	-8.56159474737112	-8.559497494188149	-8.551307094735918	-8.547146107349542	-8.54325543843984	-8.537946120874802	-8.50779337173229	-8.504005680536524	-8.503777182886637	-8.501680454453934	-8.326228761059387	-8.304140532128809
1.63	-10.24190530144289	-9.483110826046497	-9.482645088491294	-9.312615392803973	-9.108416713080803	-9.10707471440541	-9.093463807183907	-9.093083846669991	-8.751001367418153	-8.74903062382445	-8.737223285227213	-8.736725265473263	-8.720769269745514	-8.720204029790313	-8.699269431125675	-8.69900994920401	-8.639570469601805	-8.628696113152914	-8.51299095789613	-8.497309075869822
1.64	-10.43980602328956	-9.679352786342562	-9.679004520523984	-9.508836645198599	-9.301821468363384	-9.300933751882917	-9.289541341830361	-9.289256802982072	-8.943280827439487	-8.941936651140942	-8.929881538263313	-8.929542304531232	-8.915175574801815	-8.915001982566581	-8.89529937797794	-8.895100752543913	-8.7484265803012	-8.744434525478388	-8.700414767472035	-8.690636012310064
1.65	-10.637911720042423	-9.876152949641511	-9.8758866019965	-9.705629606961047	-9.496723030025485	-9.496107562917532	-9.48621252943716	-9.485994222173096	-9.137362826386967	-9.136435081665333	-9.124314271859783	-9.12405734226154	-9.111558166031244	-9.111454705536362	-9.091925771083249	-9.091770672036935	-8.906051420667705	-8.890400150327384	-8.85433874386036	-8.835988269663671
1.66	-10.836193731135584	-10.073387771692746	-10.073180103519544	-9.902863668344226	-9.69263024392714	-9.692187118287357	-9.683342691991152	-9.68317174979045	-9.332655182259021	-9.331996655558815	-9.319890729479745	-9.319689873488798	-9.308647182229011	-9.3085706138212	-9.289013891951184	-9.28889060732219	-9.098301469625529	-9.086803199050108	-8.96096088940687	-8.948130286998595
1.67	-11.034628502851053	-10.270968945761762	-10.270804300305869	-10.10044714978272	-9.889248887380207	-9.888919903563313	-9.880836742502925	-9.880700544474093	-9.528801225885864	-9.528320729592933	-9.516264791386343	-9.516104958497737	-9.50615703896427	-9.50609547046647	-9.486468819746028	-9.486369290864278	-9.29359639197017	-9.283992326447695	-9.128192800511796	-9.127944422937006
1.68	-11.233196499965203	-10.468831452101847	-10.468698997169222	-10.298313364552117	-10.086392341628692	-10.086141834344131	-10.078625304644435	-10.078515154427395	-9.725573941903223	-9.725214592037617	-9.7132219315291	-9.713093044525937	-9.703970387174941	-9.703918941332049	-9.684221179355333	-9.684139733297494	-9.489971467194575	-9.481593215495392	-9.3250392488741	-9.32486063053039
1.69	-11.43188138401609	-10.666926199410552	-10.66681826371351	-10.496412378226283	-10.283936305444628	-10.283741464708749	-10.276656349925283	-10.276566099877803	-9.922821961147859	-9.922547344342425	-9.910620758114455	-9.91051565302601	-9.902021948021392	-9.901978051155265	-9.882218830701476	-9.882151385856028	-9.686988663831073	-9.679490350438462	-9.52237799634985	-9.522239272266328
1.7	-11.630669385116349	-10.865215319468167	-10.865126356946961	-10.694705892159183	-10.481794499470531	-10.481640200162426	-10.474889944374103	-10.47481515044632	-10.120440323944711	-10.120226463863453	-10.10836378703805	-10.108277214043778	-10.100268874841463	-10.100230930655963	-10.080421669412857	-10.080365230259325	-9.884455713318319	-9.877620517782445	-9.720077142668266	-9.719966695655845
1.71	-11.829548816212874	-11.063669057368909	-11.06359498415041	-10.893163933815625	-10.679904919460524	-10.679780818504183	-10.673294826193311	-10.67323221221231	-10.318353804193393	-10.318184484788867	-10.306381344559037	-10.306309381964171	-10.298680240459378	-10.298647149819427	-10.278798238671401	-10.278750567269723	-10.082261962265756	-10.075941530910557	-9.91805977629601	-9.917970324095572
1.72	-12.028509693518536	-11.262263655966823	-11.262201415111274	-11.091762640484358	-10.878221678636057	-10.878120513234315	-10.871846104304895	-10.871793212817318	-10.516506949224258	-10.516370931122797	-10.504622135170454	-10.504561811267903	-10.497232392896782	-10.497203345028282	-10.477323447441051	-10.477282844928268	-10.28033491709498	-10.27442258073194	-10.116271403761587	-10.11619794365635
1.73	-12.227543437016898	-11.460979879588741	-11.460927148857486	-11.290482730680882	-11.076709959276897	-11.076626511007422	-11.070523667102727	-11.070478626116085	-10.714857886083959	-10.714747205253277	-10.703047441670407	-10.70299647785034	-10.695906556675006	-10.6958809251119	-10.675976989971986	-10.675942148084966	-10.478623506590264	-10.47304001641127	-10.31467155974601	-10.31461051484866
1.74	-12.426642632011418	-11.659801960411823	-11.659756952037096	-11.489308422685074	-11.275342771357028	-11.275273214536536	-11.269311055109334	-11.269272418783657	-10.913374331877803	-10.913283231928416	-10.9016274133808	-10.901584044154056	-10.89468744353861	-10.8946647285641	-10.874742223949324	-10.874712122118453	-10.677090043987816	-10.67177509677511	-10.513229346227032	-10.513178091862718
1.75	-12.62580083768598	-11.858716831327097	-11.858678152270087	-11.688226652304113	-11.474098803076782	-11.4740402828585	-11.468194644944553	-11.468161282616553	-11.112030943287913	-11.111955188488764	-11.100338609173413	-11.100301453476312	-11.093562375810766	-11.093542169853308	-11.073605356913099	-11.07357918964005	-10.87570579647757	-10.870612636907182	-10.71192065743209	-10.711877228601546
1.76	-12.825012432211892	-12.057713557348503	-12.057680110130065	-11.88722649598035	-11.672960954349463	-11.672911306515608	-11.667163047290519	-11.667134064772686	-11.31080750725745	-11.310743930190771	-11.299162323497715	-11.299130291276942	-11.292520696001482	-11.292502661347555	-11.272554844940903	-11.272531969694356	-11.074448311019768	-11.069540125815987	-10.910726345465877	-10.910689246160864
1.77	-13.024272486510924	-12.25678290739307	-12.25675381863535	-12.086298737981963	-11.87191531077324	-11.871872871375729	-11.866206655143667	-11.866181338003724	-11.509687675827674	-11.509633873165122	-11.498083417095174	-11.498055640683859	-11.491553348811923	-11.491537202393697	-11.471580940655965	-11.47156083992013	-11.273299695039725	-11.268547118427836	-11.109630963156487	-11.109599037726205
1.78	-13.223576660677917	-12.455917027106953	-12.455891595318963	-12.28543554069616	-12.07095040958108	-12.070913882979077	-12.065317299662478	-12.065295071739971	-11.708658062343822	-11.708612186235221	-11.69708948226118	-11.697065265446415	-11.690652573529153	-11.690638076026236	-11.670675348322796	-11.670657601569147	-11.472245458713505	-11.467624799371649	-11.308621878931206	-11.308594223066265
1.79	-13.422921118452226	-12.655109185619839	-12.655086842551277	-12.484630190008744	-12.270056703927509	-12.270025069628545	-12.264487984390389	-12.264468377047098	-11.907707583338592	-11.907668195802678	-11.896170235358582	-11.896149015226538	-11.889811670753712	-11.889798618472636	-11.869830957074846	-11.869815219798632	-11.671273707272903	-11.666765660309313	-11.507688639549695	-11.507664537391946
1.8	-13.622302456173792	-12.85435357719485	-12.854333858893224	-12.683876896235748	-12.469226164892373	-12.469198610699234	-12.463712677466855	-12.463695306512008	-12.106826970999887	-12.106792940622299	-12.095317067050857	-12.095298385156962	-12.089024821288955	-12.08901303992074	-12.069041632041994	-12.069027619898804	-11.870374561365644	-11.86596325547476	-11.706822502305275	-11.706801381220796
1.81	-13.821717643440248	-13.0536451641929	-13.0536276890893	-12.883170636740477	-12.668451981026916	-12.668427854340646	-12.662986147354971	-12.662970695534291	-12.306008406356057	-12.305978833899701	-12.294522704112637	-12.29450618451746	-12.288286942893091	-12.288276282597568	-12.268302048995505	-12.268289525666656	-12.069539731319114	-12.065212012856438	-11.906016085665524	-11.905997483211845
1.82	-14.021163973274785	-13.25297955151813	-13.252964003664797	-13.082507030244535	-12.867728328231163	-12.867707100095313	-12.862303831649449	-12.862290035215878	-12.505245239375995	-12.505219403469937	-12.493780951535246	-12.49376628393917	-12.487593575278616	-12.48758390674299	-12.46760756211928	-12.467596329937503	-12.26876219827523	-12.264507086011509	-12.105263104300374	-12.10524664375826
1.83	-14.220639020073822	-13.452352885319897	-13.452339001449051	-13.28188223550945	-13.067050191178481	-13.067031429397378	-13.06166173132663	-13.06164936964326	-12.704531772637488	-12.70450908961849	-12.693086493324863	-12.69307342001903	-12.686940786665595	-12.686931997900388	-12.66695409729834	-12.666943989937696	-12.468035971331172	-12.463844236193129	-12.30455816527747	-12.304543537298098
1.84	-14.420140603951754	-13.651761770585633	-13.651749330028707	-13.481292868975405	-13.266413223080441	-13.266396571891356	-13.261056324777854	-13.261045212194663	-12.903863092158549	-12.903843086027148	-12.892434736812405	-12.892423042508835	-12.886325097083141	-12.886317090788392	-12.866338065270956	-12.866328941998539	-12.66735589984301	-12.663219737497226	-12.50389660929757	-12.503883557976096
1.85	-14.619666760377083	-13.851203203582738	-13.8511920203543	-13.680735937276758	-13.465813634357623	-13.465798798895865	-13.460484497373773	-13.460474476829738	-13.103234933684671	-13.103217213382301	-13.091821689645407	-13.091811193494173	-13.08574341487774	-13.085736106263155	-13.065756290397491	-13.065748031515891	-12.86671752647447	-12.862630299760784	-12.703274385570186	-12.703262697764671
1.86	-14.819215714203455	-14.050674516080651	-14.050664432613992	-13.880208781554192	-13.665248103377085	-13.665234837687255	-13.659943483338385	-13.659934421281772	-13.30264357595378	-13.302627818002517	-13.291243861625702	-13.291234410906238	-13.285192983770802	-13.285186298737457	-13.265205951820715	-13.265198455027853	-13.066116970812828	-13.062073005327594	-12.902687952144419	-12.902677449204656
1.87	-15.018785857372109	-14.250173328991313	-14.250164211145275	-14.079709031185967	-13.864713704226705	-13.864701801927186	-13.859430817458353	-13.85942259978513	-13.502085754718749	-13.50207168983324	-13.49069818564444	-13.490689650747779	-13.484671338425521	-13.484665212042565	-13.464684534537131	-13.46467771199923	-13.265550836230034	-13.261545256772148	-13.102134195740856	-13.102124727043627
1.88	-15.218375729693385	-14.449697513603283	-14.449689246655325	-14.27923456511095	-14.064207847781091	-14.064197134732577	-14.058944294713413	-14.058936823497415	-13.701558592906984	-13.701545995577387	-13.690181953453209	-13.690174223865188	-13.68417626694244	-13.684170642164801	-13.66418978846108	-13.664183564442101	-13.46501613464234	-13.46104473337326	-13.301610366683803	-13.301601804537533
1.89	-15.41798400222277	-14.649245158977635	-14.649237644388151	-14.478783479307467	-14.263728233242016	-14.263718561744682	-14.258481936334704	-14.258475127178158	-13.901059543445204	-13.901048223766242	-13.889692763068336	-13.889685744135026	-13.883705779036745	-13.88370060562248	-13.863719693978403	-13.86371400290956	-13.664510225205007	-13.660569354634056	-13.501114025652193	-13.501106261249518
1.9	-15.617609462830778	-14.848814544377777	-14.848807697161064	-14.678354059299714	-14.463272808001442	-14.463264052168359	-14.458041961110059	-14.458035740984673	-14.100586342113381	-14.100576139324911	-14.089228475383457	-14.089222085691034	-14.083258078910937	-14.08325331250212	-14.063272432806667	-14.063267217704773	-13.864030763964685	-13.860117249525075	-13.70064299976725	-13.700635939945982
1.91	-15.817251003637068	-15.048404115841254	-15.048397862417705	-14.877944756798904	-14.662839734178892	-14.662831786221663	-14.657622761005985	-14.657617066482512	-14.30013696840565	-14.300127745749972	-14.28878717812869	-14.288781347369703	-14.2828315420245	-14.282827143366848	-14.262846363219296	-14.262841574383739	-14.063575662213559	-14.059686730410512	-13.90019534612205	-13.900188910755219
1.92	-16.016907610032824	-15.248012466174561	-15.248006742606048	-15.077554169758994	-14.862427360549201	-14.86242012777635	-14.857222880355422	-14.857217656145131	-14.499709612835748	-14.499701253434278	-14.488367155741411	-14.48836182296785	-14.482424695123044	-14.482420629399474	-14.46243999888414	-14.462435592817627	-14.263143051805564	-14.259276270831464	-14.099769321292719	-14.099763441171895
1.93	-16.21657835106234	-15.447638317795906	-15.447633068329257	-15.277181025276384	-15.06203419885576	-15.062027601232948	-15.056840998011857	-15.056836195758816	-14.699302649462112	-14.699295052989257	-14.687966864025856	-14.687961976211167	-14.682036199000809	-14.68203243526197	-14.662051990705049	-14.662047929216396	-14.462731256093996	-14.458884486485147	-14.299363355692162	-14.299357970800209
1.94	-16.41626237097162	-15.647280507958872	-15.647275683817124	-15.476824164860844	-15.261658903717354	-15.261652871872059	-15.256475911983078	-15.256471489258509	-14.898914612676204	-14.898907692659236	-14.887584908721564	-14.887580419572128	-14.881664833570877	-14.881661344246602	-14.861681111180943	-14.861677360633937	-14.662338765436743	-14.658510118870566	-14.498976031876808	-14.498971089970599
1.95	-16.61595888176108	-15.846937975975639	-15.846933534350914	-15.676482531704494	-15.461300255496539	-15.461294729078062	-15.456126526146498	-15.456122445608415	-15.098544177487227	-15.098537859102397	-15.087220027281731	-15.087215896248818	-15.081309484888369	-15.081306245367657	-15.061326240874866	-15.061322771558682	-14.861964216440185	-14.858152021166951	-14.698606066096666	-14.6986015215377
1.96	-16.8156671566073	-16.046609752128024	-16.046605655338197	-15.876155159629846	-15.660957145623815	-15.660952071947904	-15.65579183872168	-15.65578806740944	-15.298190142697976	-15.298184360961276	-15.28687107330314	-15.286867264758921	-15.28096913383482	-15.280966122104076	-15.260986356669381	-15.260983142266841	-15.061606374280395	-15.057809145992547	-14.89825229252678	-14.898248105310902
1.97	-17.015386524036245	-16.246294948009147	-16.24629116278991	-16.075841163467416	-15.860628563969861	-15.860623896893962	-15.855470932232066	-15.855467440971083	-15.497851416481382	-15.49784611475658	-15.486537003162002	-15.486533485708915	-15.480642846222018	-15.48064004255221	-15.460660521534031	-15.4606575386723	-15.26126411757651	-15.257480534756521	-15.097913649726468	-15.09790978467639
1.98	-17.21511636275002	-16.445992748083835	-16.445989244989796	-16.275539730645157	-16.060313587935163	-16.060309286919107	-16.055162964733714	-16.055159727632553	-15.697527003962115	-15.697522132723488	-15.686216864491506	-15.68621361038102	-15.680329764109445	-15.680327150785775	-15.660347875582424	-15.66034510345041	-15.460936425388333	-15.457165308362857	-15.297589168963285	-15.297585595051245
1.99	-17.414856097024913	-16.6457024022876	-16.645699155186023	-16.475250113815765	-16.260011372984625	-16.260007402304844	-16.25486716212703	-16.25486415614957	-15.89721599648005	-15.89721151228208	-15.885909786206614	-15.88590677084844	-15.880029098167281	-15.880026659253868	-15.860047628228987	-15.860045048251983	-15.660622365992694	-15.65686265906879	-15.497277964098895	-15.497274653878467
2.0	-17.61460519260475	-16.845423219520338	-16.8454202051607	-16.67497162437336	-16.459721144407013	-16.459717472494223	-16.454582811397824	-16.454580015998577	-16.096917562273866	-16.096913426889643	-16.085614969835394	-16.085612171381218	-16.07974012093946	-16.07973784207516	-16.059759051293103	-16.059756646853693	-15.860321087159189	-15.85657184333256	-15.696979222798952	-15.69697615192388
2.01	-17.81436315303296	-17.045154561907104	-17.0451517595536	-16.87470362673644	-16.65944219011306	-16.65943878899428	-16.654309254656035	-16.654306651468477	-16.296630938365745	-16.296627118062894	-16.285331681957366	-16.2853290809468	-16.279462160885856	-16.27946002910624	-16.25948147291509	-16.25947922911401	-16.060031807689544	-16.05629217551136	-15.896692198860961	-15.896689345678972
2.02	-18.014129516365447	-17.244895839722485	-17.24489323083984	-17.07444553329177	-16.859173854324254	-16.85917069914827	-16.854045883866604	-16.854043456435388	-16.496355423469367	-16.49635188839976	-16.48505924758525	-16.485056826643472	-16.479194597100836	-16.479192600682506	-16.459214272177054	-16.459212175626924	-16.25975381003389	-16.2560230222922	-16.09641620549874	-16.09641355070432
2.03	-18.2139038522215	-17.444646506890688	-17.44464407487394	-17.274196799910033	-17.058915532018958	-17.0589126006536	-17.053792136176895	-17.05378986972787	-16.69609037177025	-16.696087095453226	-16.684797044352717	-16.684794787931473	-16.678936854619742	-16.678934982944266	-16.658956874331803	-16.658954912978952	-16.45948643382445	-16.45576379775996	-16.2961506094419	-16.296148135781078
2.04	-18.413685759133003	-17.644406056985495	-17.6444037869274	-17.47395692196191	-17.25866666403597	-17.258663936724012	-17.253547489764955	-17.253545371005433	-16.895835187455905	-16.895832146338854	-16.884544497394938	-16.884542391549946	-16.878688400238463	-16.878686643672776	-16.85870874656218	-16.85870690953275	-16.659229070191966	-16.655513959014545	-16.495894825737142	-16.495892517753916
