0.0	-2.165132237890062	-2.165132237890048	-1.1843342627845566	-1.1843342627845548	-1.1264799525778013	-1.126479952577788	-1.126479952577779	-1.7462838552963467	-1.5453283351715044	-1.545328335171499	-1.5453283351714964	-1.5453283351714893	-1.4792018777346172	-1.4792018777345985	-1.7462838552963342	-1.545328335171508	-1.5453283351714981	-1.545328335171476	-1.545328335171467	-1.4792018777346216	-1.4792018777345906
0.3	-2.209777370156372	-2.209777370156371	-1.2670433512081294	-1.2670433512081152	-1.2301274264323627	-1.23012742643236	-1.2252567287729663	-1.8393180400564777	-1.5978970225598417	-1.5906142472851013	-1.590614247285096	-1.590614247285095	-1.4977732710823437	-1.4977732710823437	-1.8393180400564795	-1.5978970225598825	-1.5906142472851066	-1.5906142472850906	-1.5906142472850897	-1.4977732710823561	-1.4977732710823535
0.6	-2.2573709605231924	-2.2573709605231675	-1.3476596896951305	-1.3476596896951198	-1.329681619745112	-1.329681619745112	-1.3220654413535042	-1.933392615863812	-1.6528010281045482	-1.638974269931885	-1.63897426993187	-1.638974269931869	-1.5167407946312252	-1.5167407946312146	-1.9333926158638022	-1.6528010281045642	-1.6389742699318974	-1.6389742699318957	-1.6389742699318655	-1.5167407946312306	-1.5167407946312252
0.9	-2.3080315211295055	-2.308031521129477	-1.428205628967608	-1.4282056289676044	-1.4232724751312302	-1.423272475131208	-1.4178127397768634	-2.027686113731418	-1.7103759475078295	-1.6904978047815256	-1.6904978047815238	-1.690497804781523	-1.5360988027849451	-1.5360988027849238	-2.0276861137314235	-1.710375947507833	-1.6904978047815398	-1.6904978047815309	-1.6904978047815247	-1.5360988027849407	-1.5360988027849283
1.2	-2.3617943088049715	-2.3617943088049635	-1.522797045014527	-1.5227970450145216	-1.5125813297520132	-1.5125813297520123	-1.496603760888	-2.121660623151829	-1.7706509138650386	-1.7451874000008285	-1.745187400000817	-1.7451874000008027	-1.5558349393913993	-1.5558349393913753	-2.1216606231517954	-1.7706509138650617	-1.7451874000008063	-1.7451874000008054	-1.7451874000008054	-1.5558349393913886	-1.555834939391386
1.5	-2.41859669867877	-2.418596698678769	-1.6166976791404517	-1.6166976791404393	-1.606288351303859	-1.6062883513038262	-1.564316684147676	-2.214953284833312	-1.8334634737533113	-1.8029425109851545	-1.8029425109851491	-1.8029425109851447	-1.575935491643417	-1.5759354916434134	-2.2149532848333155	-1.8334634737533122	-1.8029425109851447	-1.802942510985143	-1.8029425109851385	-1.575935491643416	-1.5759354916434134
1.8	-2.4782757859836826	-2.4782757859836755	-1.7092437549946915	-1.709243754994688	-1.6988342595451185	-1.698834259545114	-1.627144041513116	-2.3073187593348736	-1.8985328864499431	-1.8635605429578082	-1.8635605429578064	-1.8635605429577904	-1.5963884404248905	-1.5963884404248567	-2.3073187593348656	-1.8985328864499298	-1.8635605429578073	-1.8635605429578055	-1.8635605429577842	-1.5963884404249136	-1.59638844042487
2.1	-2.540579777286186	-2.5405797772861742	-1.8004287273674464	-1.8004287273674286	-1.7901399312880697	-1.7901399312880644	-1.685317326109602	-2.3985940782340895	-1.9655159246808642	-1.9267532947944321	-1.9267532947944073	-1.9267532947943868	-1.6171869420891065	-1.6171869420890834	-2.3985940782340904	-1.965515924680898	-1.9267532947944277	-1.9267532947944241	-1.9267532947944215	-1.6171869420890932	-1.6171869420890879
2.4	-2.6051906415530874	-2.6051906415530617	-1.8902526792378094	-1.890252679237805	-1.8801529198739608	-1.8801529198739395	-1.7391820842644048	-2.488675100879803	-2.0340498166497865	-1.9921739829442915	-1.992173982944279	-1.9921739829442755	-1.6383356142059462	-1.6383356142059364	-2.4886751008798083	-2.0340498166497696	-1.992173982944287	-1.9921739829442773	-1.9921739829442702	-1.638335614205947	-1.6383356142059444
2.7	-2.6717524705768287	-2.671752470576828	-1.978718768659128	-1.9787187686591166	-1.9688448031518542	-1.968844803151816	-1.7891601635843157	-2.5774999574406436	-2.103782617469313	-2.0594479317767904	-2.059447931776787	-2.0594479317767806	-1.659865204602025	-1.6598652046020081	-2.577499957440672	-2.1037826174693004	-2.0594479317767975	-2.059447931776785	-2.05944793177677	-1.6598652046020126	-1.6598652046020055
3.0	-2.7398993793857898	-2.7398993793857898	-2.0658365468079447	-2.065836546807928	-2.0562064401492597	-2.0562064401492384	-1.8357097243685816	-2.6650371362293015	-2.174391935709365	-2.128200522695904	-2.1282005226958916	-2.128200522695889	-1.681874997822205	-1.681874997822204	-2.665037136229321	-2.174391935709373	-2.1282005226959164	-2.12820052269591	-2.128200522695904	-1.6818749978222076	-1.681874997822196
3.3	-2.8092783558758416	-2.809278355875838	-2.1516226424865907	-2.1516226424865694	-2.1422433228118685	-2.142243322811842	-1.8792993040687556	-2.7512768274997637	-2.245594225432793	-2.1980784256767985	-2.1980784256767834	-2.198078425676769	-1.7046935678948598	-1.7046935678948563	-2.7512768274997406	-2.245594225432776	-2.1980784256767834	-2.1980784256767745	-2.1980784256767656	-1.7046935678948607	-1.7046935678948545
3.6	-2.879564978612054	-2.8795649786120414	-2.236099941455284	-2.236099941455281	-2.226971650345023	-2.2269716503450017	-1.9204008213914268	-2.8362246085734863	-2.3171473936402567	-2.2687629427089213	-2.268762942708915	-2.2687629427088885	-1.7650726722214731	-1.7298102685047665	-2.8362246085734677	-2.3171473936402203	-2.2687629427089195	-2.2687629427089178	-2.2687629427088902	-1.7650726722214545	-1.7298102685047754
3.9	-2.9504721067788253	-2.950472106778803	-2.3192962538293305	-2.3192962538293305	-2.3104152132632674	-2.310415213263264	-1.9595121165878808	-2.919896830834775	-2.3888492569912714	-2.339976323312417	-2.339976323312392	-2.339976323312386	-1.8503180457276525	-1.7679999660099721	-2.9198968308347695	-2.3888492569912385	-2.33997632331241	-2.339976323312401	-2.3399763233123796	-1.850318045727665	-1.7679999660099615
4.2	-3.0217529133662033	-3.0217529133661998	-2.4012429553711128	-2.4012429553711003	-2.3926029978404904	-2.392602997840468	-1.9972461524202823	-3.002317249652352	-2.460533794614662	-2.4114828500257683	-2.411482850025763	-2.4114828500257532	-1.9343083658311855	-1.8362737578136032	-3.0023172496523376	-2.4605337946146744	-2.4114828500257808	-2.411482850025772	-2.4114828500257595	-1.9343083658312192	-1.8362737578136148
4.5	-3.093200021445478	-3.093200021445467	-2.4819737955863275	-2.4819737955863106	-2.473567379048255	-2.4735673790482426	-2.034631934006417	-3.0835145641631776	-2.5320665093771106	-2.4830865875356984	-2.483086587535693	-2.48308658753568	-2.0170471118712703	-1.9129658632236302	-3.0835145641631545	-2.532066509377124	-2.483086587535701	-2.483086587535695	-2.483086587535695	-2.017047111871273	-1.9129658632236328
4.8	-3.164642340466326	-3.164642340466324	-2.5615239255792472	-2.5615239255791993	-2.553342775127633	-2.5533427751275966	-2.0741890167085586	-3.163520624140773	-2.603339688661399	-2.554627348473643	-2.5546273484736313	-2.5546273484736286	-2.0985504342084207	-1.99022413388722	-3.1635206241407836	-2.6033396886614284	-2.5546273484736544	-2.55462734847364	-2.5546273484736375	-2.0985504342084162	-1.9902241338872217
5.1	-3.2359408106481276	-3.235940810648108	-2.6399291386118566	-2.6399291386118504	-2.6319646565334853	-2.6319646565334676	-2.1220413166031706	-3.242369126634033	-2.6742679871233994	-2.6259759672084684	-2.625975967208465	-2.6259759672084435	-2.1788427544898994	-2.0669380067601537	-3.24236912663404	-2.6742679871233905	-2.6259759672084666	-2.6259759672084435	-2.6259759672084426	-2.1788427544899234	-2.0669380067601635
5.4	-3.306983857425303	-3.3069838574252763	-2.7172252944585686	-2.717225294458548	-2.70946882356379	-2.709468823563749	-2.18159937466233	-3.320094672686576	-2.7447845191071707	-2.6970295588621624	-2.697029558862143	-2.697029558862135	-2.2579537156017153	-2.1428470026847117	-3.320094672686615	-2.7447845191071787	-2.697029558862158	-2.6970295588621553	-2.697029558862118	-2.2579537156016833	-2.142847002684708
5.7	-3.377683028174113	-3.3776830281740953	-2.7934478939053324	-2.7934478939052942	-2.7858908861787475	-2.7858908861787413	-2.2470148431392394	-3.396732089133504	-2.8148375114852406	-2.7677071321706643	-2.7677071321706537	-2.7677071321706235	-2.3359160694240586	-2.217873817411757	-3.396732089133465	-2.814837511485255	-2.767707132170642	-2.767707132170628	-2.767707132170627	-2.335916069424055	-2.2178738174117365
