0.0	-2.165132237890039	-2.165132237890032	-1.1843342627845574	-1.1843342627845432	-0.9476864525414852	-0.9476864525414745	-0.9453283351715065	-1.7462838552963262	-1.4792018777346065	-1.4792018777345932	-1.479201877734587	-1.245328335171509	-1.245328335171493	-1.2453283351714832	-1.7462838552963236	-1.479201877734619	-1.4792018777346092	-1.4792018777345977	-1.2453283351715125	-1.2453283351715045	-1.2453283351715028
1.0	-2.3085481072409655	-2.308548107240962	-1.3966258473542332	-1.396625847354227	-1.3587284221977036	-1.3587284221976867	-1.259324692887593	-1.9555263213633607	-1.63374773392911	-1.6337477339290993	-1.6337477339290851	-1.4992611932772775	-1.3165621289460026	-1.3165621289460017	-1.9555263213633465	-1.6337477339290674	-1.633747733929062	-1.6337477339290576	-1.4992611932772908	-1.316562128945999	-1.3165621289459892
2.0	-2.481978545660687	-2.4819785456606693	-1.6866104152322698	-1.686610415232252	-1.5671812853777372	-1.5671812853777185	-1.5360208853036648	-2.1927799333972713	-1.8233872165172178	-1.8233872165172	-1.8233872165171858	-1.7459218902882254	-1.3931696942325171	-1.3931696942324923	-2.1927799333972304	-1.8233872165172142	-1.8233872165171947	-1.8233872165171912	-1.7459218902882228	-1.393169694232502	-1.3931696942324985
3.0	-2.68343265391401	-2.683432653914008	-1.9461798010679336	-1.9461798010679106	-1.8056257511075602	-1.8056257511075584	-1.7482901447565427	-2.442504466898362	-2.041142724310812	-2.041142724310798	-2.0411427243107854	-1.9920149003616734	-1.4763812368443254	-1.4763812368443237	-2.442504466898373	-2.0411427243108156	-2.041142724310814	-2.0411427243107996	-1.9920149003617036	-1.4763812368443539	-1.4763812368443503
4.0	-2.903646181508871	-2.9036461815088463	-2.1885771693807827	-2.1885771693807667	-2.067105151047728	-2.0671051510477225	-1.9048900564811087	-2.693421055251137	-2.2736091007043795	-2.273609100704358	-2.2736091007043564	-2.2382814579958685	-1.6948166657884736	-1.588048832547198	-2.6934210552511155	-2.2736091007043617	-2.273609100704351	-2.2736091007043173	-2.238281457995842	-1.6948166657884718	-1.58804883254719
5.0	-3.132132492412601	-3.13213249241259	-2.423089277414255	-2.4230892774142534	-2.3194138540708	-2.319413854070789	-2.0454196758556646	-2.9398346147569283	-2.5099294424889296	-2.5099294424889296	-2.5099294424889242	-2.481951795547542	-1.9496942717127093	-1.7851477722847342	-2.9398346147569443	-2.5099294424889544	-2.5099294424889544	-2.509929442488919	-2.4819517955475456	-1.9496942717127395	-1.7851477722847555
6.0	-3.361531302943166	-3.3615313029431357	-2.6517366087997347	-2.6517366087997205	-2.5624092925234665	-2.562409292523408	-2.1952038463144943	-3.179397456089352	-2.744009940607236	-2.744009940607209	-2.744009940607202	-2.7204957718220806	-2.192987996588456	-2.011599005299799	-3.1793974560893394	-2.7440099406072234	-2.744009940607209	-2.7440099406071807	-2.720495771822079	-2.192987996588502	-2.0115990052997974
7.0	-3.58780134350934	-3.587801343509322	-2.8745054468467126	-2.8745054468466718	-2.796451089327147	-2.7964510893271433	-2.383345915014151	-3.41137941945541	-2.973011373598852	-2.9730113735988164	-2.973011373598811	-2.9525420744391058	-2.4262861025130418	-2.2369973388269857	-3.411379419455442	-2.973011373598829	-2.973011373598818	-2.973011373598811	-2.952542074439104	-2.426286102513047	-2.2369973388269893
8.0	-3.809032372107743	-3.8090323721077146	-3.0912339443179855	-3.0912339443179695	-3.022105842879591	-3.022105842879493	-2.6035676703932458	-3.635778550386905	-3.1958128961064274	-3.195812896106406	-3.195812896106399	-3.177601726625009	-2.6507591830916697	-2.4569970492805355	-3.635778550386891	-3.1958128961064345	-3.195812896106429	-3.195812896106397	-3.177601726624986	-2.6507591830916857	-2.4569970492805426
9.0	-4.02446740248146	-4.024467402481423	-3.301940362646776	-3.3019403626467616	-3.23999639443229	-3.239996394432265	-2.82007366092203	-3.852904563717451	-3.412126949281631	-3.412126949281613	-3.4121269492816113	-3.3956861340839213	-2.867318533466098	-2.6707909635072022	-3.8529045637174617	-3.412126949281622	-3.41212694928162	-3.4121269492816078	-3.3956861340839106	-2.8673185334661353	-2.6707909635072236
10.0	-4.233933678220004	-4.233933678219997	-3.5067944559295006	-3.506794455929474	-3.4507327792208136	-3.450732779220762	-3.030003587615652	-4.063186467484569	-3.622054843789736	-3.6220548437897344	-3.6220548437897273	-3.6070541607747666	-3.0767105716322307	-2.8783804312184875	-4.063186467484557	-3.622054843789738	-3.622054843789731	-3.6220548437897113	-3.6070541607747844	-3.0767105716322005	-2.878380431218498
11.0	-4.437543351946002	-4.4375433519459895	-3.706051685929517	-3.706051685929517	-3.6548835958653365	-3.654883595865317	-3.2337128396455315	-4.267083748269754	-3.8258703882826444	-3.825870388282639	-3.8258703882826284	-3.8120714196951644	-3.2795666516615762	-3.0800183603933577	-4.267083748269793	-3.8258703882826586	-3.825870388282641	-3.8258703882826355	-3.8120714196952017	-3.2795666516615976	-3.0800183603933755
12.0	-4.635540247107298	-4.635540247107257	-3.9000056304747934	-3.9000056304747632	-3.85296654455951	-3.8529665445594974	-3.4315900707498512	-4.465045981568532	-4.023914655075241	-4.023914655075235	-4.023914655075219	-4.011137160743298	-3.4764311089114637	-3.27603806262142	-4.46504598156855	-4.023914655075262	-4.023914655075234	-4.023914655075225	-4.01113716074327	-3.4764311089114512	-3.2760380626214145
13.0	-4.828221759324943	-4.8282217593249	-4.088959494857469	-4.088959494857449	-4.045447763972429	-4.045447763972407	-3.6240207159943134	-4.657495494168519	-4.21654481374899	-4.216544813748986	-4.216544813748963	-4.2046479312181235	-3.667778871313007	-3.4667890473376763	-4.657495494168525	-4.216544813748961	-4.216544813748954	-4.216544813748951	-4.204647931218141	-3.667778871313014	-3.466789047337641
14.0	-5.015899200950172	-5.015899200950138	-4.273210401725515	-4.273210401725433	-4.232744970129814	-4.232744970129764	-3.811370591927459	-4.844821119029974	-4.404109662216464	-4.404109662216453	-4.4041096622164	-4.3929805528826895	-3.854027702437583	-3.6526108916103004	-4.844821119029995	-4.404109662216428	-4.404109662216427	-4.404109662216423	-4.392980552882723	-3.8540277024375014	-3.652610891610288
15.0	-5.198878002943281	-5.198878002943277	-4.453041340264188	-4.453041340264165	-4.415232006147082	-4.415232006147016	-3.9939793666258128	-5.027377260446621	-4.58693855004758	-4.58693855004756	-4.586938550047557	-4.576485091582755	-4.035547371532998	-3.8338227461357617	-5.0273772604465945	-4.58693855004758	-4.586938550047569	-4.586938550047566	-4.57648509158276	-4.035547371533046	-3.8338227461357635
16.0	-5.377448293248945	-5.377448293248933	-4.6287175188073855	-4.628717518807318	-4.593243678133047	-4.593243678133033	-4.172158890145245	-5.205485416296315	-4.765337080633128	-4.765337080633116	-4.765337080633112	-4.755482917782364	-4.212666859481444	-4.010719790859334	-5.205485416296333	-4.765337080633123	-4.765337080633118	-4.765337080633107	-4.755482917782387	-4.212666859481474	-4.010719790859334
17.0	-5.551880935149096	-5.551880935149058	-4.800485186754311	-4.80048518675427	-4.767080371450196	-4.767080371450191	-4.346193870762257	-5.37943673310783	-4.939586231086644	-4.939586231086635	-4.939586231086623	-4.930267285811072	-4.385680189579669	-4.183572884872786	-5.3794367331078154	-4.939586231086646	-4.939586231086632	-4.939586231086612	-4.930267285811092	-4.385680189579694	-4.183572884872791
18.0	-5.722426430111027	-5.722426430110999	-4.968571802980738	-4.968571802980734	-4.937012243947531	-4.937012243947499	-4.516343615180138	-5.549494883895815	-5.109943150567438	-5.109943150567433	-5.109943150567433	-5.101105081338145	-4.554851231184203	-4.352629667860287	-5.549494883895824	-5.109943150567454	-5.109943150567452	-5.109943150567424	-5.101105081338111	-4.55485123118418	-4.352629667860268
19.0	-5.889315293778714	-5.889315293778666	-5.133186904631159	-5.133186904631104	-5.103282938743107	-5.103282938743086	-4.682844176105205	-5.715898922300112	-5.276642726789285	-5.276642726789279	-5.276642726789267	-5.26823903095102	-4.72041770350175	-4.518116269039475	-5.715898922300108	-5.2766427267892615	-5.276642726789251	-5.276642726789238	-5.268239030951011	-4.720417703501748	-4.518116269039498
20.0	-6.052759151477708	-6.052759151477672	-5.294523306835591	-5.294523306835541	-5.2661128270834245	-5.266112827083416	-4.845910574291705	-5.878865953627403	-5.439899443620967	-5.4398994436209565	-5.439899443620942	-5.431890010235709	-4.882594540146749	-4.680239206929008	-5.878865953627375	-5.439899443620983	-5.439899443620972	-5.439899443620949	-5.431890010235727	-4.882594540146722	-4.680239206928975
21.0	-6.21295214376532	-6.212952143765272	-5.452758424274886	-5.4527584242748235	-5.425701820812471	-5.425701820812464	-5.005738932105861	-6.038593559693807	-5.599909282894193	-5.599909282894177	-5.599909282894141	-5.592259269906694	-5.041576734429706	-4.839187275570219	-6.03859355969377	-5.599909282894161	-5.599909282894143	-5.5999092828941	-5.592259269906649	-5.041576734429705	-4.839187275570203
22.0	-6.370072421220468	-6.370072421220423	-5.608055598677272	-5.608055598677262	-5.582231803749852	-5.582231803749827	-5.162508445430661	-6.1952619632527215	-5.756851547292617	-5.756851547292606	-5.756851547292574	-5.749530497539072	-5.197541758250451	-4.9951333212745075	-6.1952619632527535	-5.756851547292594	-5.756851547292563	-5.75685154729256	-5.749530497539074	-5.197541758250471	-4.995133321274479
23.0	-6.524283612260493	-6.524283612260468	-5.760565370519097	-5.760565370519076	-5.735868731819736	-5.7358687318197275	-5.316383167927802	-6.349035941676875	-5.910890548016444	-5.910890548016437	-5.910890548016417	-5.903871684497097	-5.3506516281511916	-5.148235870111351	-6.3490359416768305	-5.910890548016449	-5.910890548016444	-5.910890548016424	-5.903871684497072	-5.350651628151204	-5.148235870111349
24.0	-6.675736206108758	-6.675736206108733	-5.91042666464489	-5.910426664644874	-5.886764448190246	-5.886764448190202	-5.467513605969633	-6.500066510233551	-6.062177136783212	-6.062177136783199	-6.062177136783194	-6.055436794668851	-5.501054677637895	-5.298640595345618	-6.500066510233583	-6.0621771367832205	-6.062177136783212	-6.062177136783201	-6.055436794668844	-5.50105467763792	-5.298640595345648
25.0	-6.824568825524525	-6.824568825524454	-6.057767877620962	-6.057767877620912	-6.035058254547361	-6.035058254547336	-5.616038134458427	-6.648492399052038	-6.2108500805950415	-6.210850080595034	-6.21085008059502	-6.204367244988837	-5.648887083738646	-5.446481628638408	-6.648492399052015	-6.210850080595054	-6.210850080595043	-6.210850080595017	-6.204367244988792	-5.64888708373863	-5.446481628638391
26.0	-6.970909381798811	-6.9709093817987435	-6.202707864849667	-6.202707864849544	-6.180878274201095	-6.180878274201068	-5.7620842489528	-6.794441348110545	-6.357037287171356	-6.357037287171351	-6.357037287171335	-6.350793213665033	-5.794274187004498	-5.591882725718555	-6.794441348110536	-6.357037287171342	-6.357037287171328	-6.3570372871712975	-6.350793213665001	-5.794274187004519	-5.591882725718546
27.0	-7.114876114098252	-7.114876114098235	-6.345356831036537	-6.345356831036509	-6.324342637591381	-6.324342637591379	-5.905769671150179	-6.938031243105853	-6.500856893232993	-6.500856893232968	-6.500856893232968	-6.494834793982224	-5.937331637177837	-5.734958299997273	-6.938031243105848	-6.5008568932329664	-6.5008568932329664	-6.500856893232936	-6.494834793982165	-5.93733163717777	-5.7349582999973086
28.0	-7.256578520081823	-7.2565785200818125	-6.485817130418995	-6.4858171304189876	-6.465560516166442	-6.465560516166414	-6.0472033245508525	-7.079371112883584	-6.642418229281941	-6.642418229281932	-6.642418229281927	-6.636603011430933	-6.078166391137141	-5.875814338178025	-7.079371112883584	-6.642418229281948	-6.642418229281932	-6.642418229281909	-6.636603011430961	-6.078166391137185	-5.875814338178048
29.0	-7.396118186865638	-7.396118186865629	-6.62418398437394	-6.624183984373915	-6.604633026613045	-6.604633026613045	-6.186486196007668	-7.2185620067248175	-6.781822674479559	-6.781822674479531	-6.781822674479522	-6.776200720776372	-6.216877585191226	-6.014549211385824	-7.218562006724816	-6.781822674479545	-6.7818226744795345	-6.781822674479533	-6.776200720776413	-6.216877585191303	-6.01454921138579
