0.0	-2.1651322378900373	-2.1651322378900373	-1.1843342627845646	-1.1843342627845344	-0.947686452541487	-0.9476864525414674	-0.9453283351715092	-1.7462838552963484	-1.4792018777345985	-1.4792018777345897	-1.4792018777345879	-0.8453283351715166	-0.8453283351715077	-0.8453283351715006	-1.746283855296336	-1.4792018777346003	-1.4792018777345843	-1.4792018777345772	-0.8453283351715308	-0.8453283351714971	-0.8453283351714722
0.2	-2.1888020985065877	-2.1888020985065646	-1.2142309668056273	-1.2142309668056006	-1.0296880031379407	-1.02968800313793	-0.9849404461065339	-1.7762857525875715	-1.5027183442774854	-1.5027183442774303	-1.5027183442774161	-0.9091070141497744	-0.869780174754406	-0.8697801747543776	-1.7762857525875182	-1.502718344277473	-1.5027183442774588	-1.5027183442774552	-0.9091070141497779	-0.8697801747543972	-0.8697801747543581
0.4	-2.2133406282858124	-2.2133406282857875	-1.2451395641749974	-1.245139564174985	-1.107522654539287	-1.1075226545392622	-1.0239620651184955	-1.8072023726930775	-1.5273179271598165	-1.5273179271598165	-1.5273179271597757	-0.9707295222566712	-0.8956460352058491	-0.8956460352058366	-1.8072023726930952	-1.527317927159829	-1.5273179271598147	-1.5273179271597987	-0.9707295222566552	-0.8956460352058366	-0.8956460352058206
0.6	-2.2387972289803413	-2.2387972289803235	-1.2774212077517673	-1.2774212077517282	-1.1798316206413135	-1.1798316206412904	-1.0635720404752673	-1.8390367255489908	-1.5530823657918935	-1.5530823657918846	-1.553082365791874	-1.0306730139930194	-0.9230012791615456	-0.9230012791615438	-1.839036725548982	-1.5530823657919202	-1.5530823657918953	-1.5530823657918917	-1.0306730139930442	-0.9230012791615758	-0.923001279161574
0.8	-2.2652198730123247	-2.2652198730123194	-1.3121043915216708	-1.3121043915216566	-1.246353199310069	-1.2463531993100565	-1.1037894228108192	-1.8717848446310787	-1.580090195586652	-1.5800901955866307	-1.5800901955866236	-1.0892551406892919	-0.9518499042337227	-0.9518499042337174	-1.8717848446311	-1.5800901955866715	-1.5800901955866609	-1.580090195586613	-1.0892551406892652	-0.9518499042337618	-0.9518499042337334
1.0	-2.2926536134174844	-2.2926536134174826	-1.3521316781027837	-1.352131678102782	-1.304620034494346	-1.3046200344943335	-1.144629380923102	-1.905435401863099	-1.6084129488316625	-1.6084129488316306	-1.6084129488316234	-1.146711952131466	-0.982099203847759	-0.9820992038477572	-1.905435401863108	-1.6084129488316607	-1.6084129488316448	-1.6084129488316288	-1.1467119521314517	-0.9820992038478087	-0.9820992038477732
1.2	-2.3211388808002136	-2.3211388808002047	-1.4012398381344378	-1.40123983813442	-1.3512095803273985	-1.351209580327395	-1.1860907424595704	-1.9399695633226868	-1.6381108559082316	-1.6381108559082174	-1.638110855908205	-1.2032324727252641	-1.013550365788224	-1.013550365788201	-1.9399695633227187	-1.638110855908228	-1.638110855908205	-1.638110855908189	-1.2032324727252162	-1.0135503657882134	-1.0135503657882063
1.4	-2.3507096368624056	-2.3507096368623808	-1.4561121842857832	-1.4561121842857512	-1.3896572204177007	-1.3896572204176616	-1.2281564511075862	-1.9753611099016597	-1.6692284011796135	-1.6692284011796046	-1.6692284011795904	-1.2589752921851955	-1.0459132091578693	-1.0459132091578693	-1.9753611099016704	-1.6692284011796472	-1.6692284011795957	-1.6692284011795886	-1.2589752921852382	-1.0459132091579102	-1.0459132091578711
1.6	-2.3813914918284604	-2.3813914918284427	-1.5117045314615583	-1.5117045314615263	-1.425166997075693	-1.4251669970756682	-1.2707958787257754	-2.0115768267018987	-1.7017902297777328	-1.701790229777699	-1.701790229777667	-1.3140765787117124	-1.0788430356364662	-1.0788430356364644	-2.011576826701888	-1.701790229777683	-1.7017902297776795	-1.7017902297776422	-1.314076578711716	-1.0788430356364733	-1.0788430356364662
1.8	-2.413199926984862	-2.4131999269848583	-1.5661396724315368	-1.5661396724315084	-1.459739592643614	-1.4597395926435341	-1.3139676368543123	-2.0485771430955504	-1.7357979731950364	-1.7357979731950346	-1.7357979731950275	-1.3686536973494698	-1.1119875604304665	-1.1119875604304594	-2.048577143095529	-1.7357979731950666	-1.7357979731950417	-1.7357979731950115	-1.3686536973494858	-1.111987560430463	-1.1119875604304594
2.0	-2.4461387850938054	-2.4461387850938	-1.6189055564971264	-1.6189055564971015	-1.493988819508302	-1.4939888195082647	-1.3576224699710577	-2.0863169851482413	-1.7712285160964152	-1.7712285160964063	-1.7712285160963974	-1.4228065915802501	-1.1450293838205399	-1.1450293838204955	-2.0863169851482093	-1.7712285160963939	-1.7712285160963939	-1.7712285160963814	-1.422806591580227	-1.1450293838205363	-1.1450293838205328
2.2	-2.480199192217987	-2.4801991922179747	-1.6699029619888721	-1.6699029619888597	-1.5281039038141087	-1.5281039038141069	-1.4017059991966656	-2.1247467863720013	-1.8080340477652266	-1.8080340477652266	-1.808034047765223	-1.4766181838940762	-1.1777147309165352	-1.1777147309165281	-2.1247467863720155	-1.8080340477652532	-1.808034047765223	-1.8080340477652053	-1.4766181838940584	-1.17771473091653	-1.177714730916505
2.4	-2.515359048971402	-2.5153590489713986	-1.7191754312440972	-1.7191754312440457	-1.5621263539937713	-1.5621263539937464	-1.4461611670920194	-2.1638135935577045	-1.8461439607777264	-1.8461439607777068	-1.8461439607777015	-1.5301545748216325	-1.2098667178743048	-1.2098667178742728	-2.163813593557756	-1.8461439607777352	-1.84614396077773	-1.846143960777714	-1.5301545748216574	-1.2098667178743012	-1.2098667178742728
2.6	-2.5515831775029403	-2.5515831775029314	-1.7668259192423958	-1.7668259192423958	-1.5960378167165237	-1.5960378167164455	-1.4909302974982621	-2.203462202502524	-1.885468351663527	-1.8854683516634916	-1.885468351663472	-1.5834655103184199	-1.2413864409397197	-1.2413864409397162	-2.2034622025025223	-1.8854683516635342	-1.8854683516635005	-1.885468351663481	-1.583465510318388	-1.2413864409397126	-1.2413864409397126
2.8	-2.588824139704273	-2.5888241397042586	-1.8129862631663451	-1.8129862631663203	-1.62979334393268	-1.6297933439326266	-1.535956738078334	-2.243636263276703	-1.9259026320841075	-1.925902632084104	-1.9259026320840809	-1.6365853501699563	-1.272246747737392	-1.2722467477373778	-2.2436362632766977	-1.925902632084136	-1.9259026320841075	-1.9259026320840897	-1.6365853501700007	-1.2722467477374186	-1.272246747737399
3.0	-2.627023665183706	-2.627023665183658	-1.857803513660472	-1.857803513660408	-1.6633364246054088	-1.6633364246053786	-1.5811860951033507	-2.284279304716031	-1.9673326385703076	-1.9673326385703076	-1.9673326385702774	-1.6895345808103341	-1.3035020593072444	-1.302482933026428	-2.284279304716036	-1.9673326385702916	-1.9673326385702845	-1.9673326385702685	-1.6895345808103306	-1.3035020593072533	-1.3024829330264547
3.2	-2.666114559818687	-2.6661145598186797	-1.9014321578054654	-1.90143215780546	-1.696607093355067	-1.6966070933550652	-1.6265670985208773	-2.3253356409770776	-2.009639649189089	-2.0096396491890465	-2.0096396491890376	-1.7423217773582342	-1.3534217497259649	-1.3321832379757224	-2.3253356409770864	-2.0096396491890536	-2.0096396491890536	-2.009639649189052	-1.7423217773582396	-1.3534217497259755	-1.3321832379757046
3.4	-2.7060229202866717	-2.7060229202866486	-1.944028551337115	-1.9440285513370439	-1.7295471169314114	-1.7295471169313972	-1.6720521512068727	-2.3667511370982828	-2.0527048444820055	-2.0527048444819913	-2.052704844481984	-1.7949458384394736	-1.4026190680584607	-1.3614806833987254	-2.366751137098265	-2.052704844482002	-2.0527048444819966	-2.052704844481979	-1.7949458384394417	-1.4026190680583879	-1.361480683398704
3.6	-2.7466704638669333	-2.746670463866926	-1.9857463112497777	-1.985746311249767	-1.7621038008402818	-1.7621038008402303	-1.7175976219519713	-2.4084738237546164	-2.096412930708321	-2.096412930708307	-2.096412930708298	-1.8473982923687986	-1.4510849636118968	-1.3905466284579893	-2.408473823754556	-2.096412930708298	-2.0964129307082944	-2.0964129307082837	-1.84739829236882	-1.4510849636119039	-1.3905466284579324
3.8	-2.787976795433715	-2.7879767954336456	-2.0267323190310362	-2.0267323190309794	-1.7942330215342208	-1.7942330215342137	-1.76316394016981	-2.450454362533441	-2.1406548209664527	-2.140654820966451	-2.140654820966417	-1.8996654932269683	-1.498842695671832	-1.4195854455400747	-2.4504543625333968	-2.14065482096644	-2.1406548209664367	-2.1406548209663923	-1.899665493226947	-1.4988426956718692	-1.4195854455400676
4.0	-2.8298614680199288	-2.8298614680199217	-2.067123326585503	-2.067123326585503	-1.8259016970998134	-1.825901697099785	-1.8087155443927392	-2.4926463714641818	-2.185329408450074	-2.185329408450065	-2.1853294084500563	-1.9517305726293541	-1.545932609370218	-1.4488287284700663	-2.4926463714641995	-2.185329408450076	-2.185329408450067	-2.185329408450049	-1.9517305726292866	-1.5459326093701575	-1.448828728470045
4.2	-2.872245739449558	-2.8722457394495224	-2.1070432666639443	-2.1070432666639123	-1.857089742240757	-1.8570897422407517	-1.8542207286090298	-2.5350066260998956	-2.230344552981678	-2.230344552981662	-2.2303445529816566	-2.0035750694628804	-1.592402766004155	-1.4785265536615695	-2.5350066260998743	-2.2303445529816956	-2.2303445529816495	-2.2303445529816424	-2.0035750694628733	-1.5924027660041746	-1.4785265536616032
4.4	-2.9150539751866846	-2.915053975186649	-2.146601370391278	-2.146601370391253	-1.8996514219961531	-1.8996514219961496	-1.8877914960415252	-2.5774951544488607	-2.2756174411598744	-2.2756174411598744	-2.2756174411598495	-2.055180211716338	-1.638303217380817	-1.5089329373339888	-2.577495154448896	-2.2756174411598833	-2.2756174411598726	-2.2756174411598495	-2.0551802117163627	-1.638303217380833	-1.5089329373339675
4.6	-2.958214689072725	-2.958214689072695	-2.185891141934209	-2.1858911419341593	-1.9449829296057457	-1.9449829296057315	-1.918016613656099	-2.6200752449744416	-2.321074484501394	-2.321074484501385	-2.3210744845013656	-2.1065278640336436	-1.6836825921176084	-1.540283738805738	-2.620075244974397	-2.3210744845014046	-2.3210744845013815	-2.3210744845013815	-2.1065278640336222	-1.6836825921176084	-1.5402837388057327
4.8	-3.001661244790456	-3.0016612447904434	-2.224990166591085	-2.2249901665910334	-1.9901936545620869	-1.9901936545620762	-1.9477904461256168	-2.662713386270135	-2.3666509028478897	-2.36665090284787	-2.366650902847831	-2.157601179608993	-1.7285861702309804	-1.5727687830680095	-2.6627133862702097	-2.366650902847886	-2.366650902847879	-2.36665090284787	-2.1576011796089487	-1.7285861702309857	-1.572768783068022
5.0	-3.045332260656756	-3.045332260656738	-2.2639606562328796	-2.2639606562328636	-2.035264816545806	-2.035264816545795	-1.977153972576894	-2.7053791554125874	-2.412290113572932	-2.412290113572884	-2.4122901135728734	-2.208385007055843	-1.7730549196930747	-1.6065051798350103	-2.7053791554126105	-2.4122901135729036	-2.4122901135728982	-2.4122901135728574	-2.208385007055763	-1.7730549196930765	-1.606505179835028
5.2	-3.0891717698982246	-3.089171769898223	-2.3028505810413895	-2.302850581041384	-2.0801801767233323	-2.080180176723302	-2.0061633766858646	-2.748045069830531	-2.457943018586552	-2.4579430185865325	-2.4579430185865236	-2.258866105200087	-1.817125148841991	-1.641521997978928	-2.748045069830561	-2.457943018586584	-2.4579430185865396	-2.457943018586536	-2.258866105200057	-1.8171251488419395	-1.6415219979789226
5.4	-3.1331291902367875	-3.1331291902367786	-2.3416952076266897	-2.3416952076266595	-2.1249257757423683	-2.12492577574234	-2.034889360688031	-2.790686415160903	-2.503567255201415	-2.503567255201415	-2.503567255201408	-2.3090332149025903	-1.8608285427546827	-1.677763362767414	-2.7906864151608994	-2.5035672552014487	-2.503567255201422	-2.503567255201399	-2.3090332149025494	-1.8608285427546436	-1.677763362767414
5.6	-3.177159153016084	-3.1771591530160554	-2.380518862027089	-2.3805188620270625	-2.169489688766199	-2.1694896887661423	-2.063416258663426	-2.8332810592135393	-2.549126455509106	-2.549126455509083	-2.5491264555090707	-2.3588770299846287	-1.904192427174043	-1.7151084613421395	-2.833281059213566	-2.549126455509099	-2.549126455509085	-2.549126455509083	-2.358877029984641	-1.9041924271740234	-1.7151084613421004
5.8	-3.221221235541914	-3.2212212355419103	-2.4193367567672537	-2.4193367567672412	-2.213861799607572	-2.2138617996075576	-2.0918409468374835	-2.8758092600044245	-2.594589542382697	-2.5945895423826792	-2.594589542382672	-2.408390101245856	-1.9472401550406966	-1.7533994979775622	-2.875809260004419	-2.5945895423826917	-2.5945895423826864	-2.5945895423826775	-2.40839010124587	-1.9472401550407552	-1.753399497977596
6.0	-3.2652796325655595	-3.265279632565549	-2.4581567555720936	-2.4581567555720403	-2.258033594674772	-2.258033594674756	-2.1202714595747816	-2.9182534739076784	-2.639930078115646	-2.639930078115616	-2.6399300781156017	-2.4575666997485124	-1.989991546379362	-1.7924676741400196	-2.91825347390765	-2.6399300781156265	-2.6399300781156194	-2.639930078115589	-2.457566699748452	-1.9899915463793514	-1.7924676741400214
6.2	-3.3093027951043394	-3.3093027951043164	-2.4969809886134717	-2.496980988613454	-2.301997976529937	-2.301997976529832	-2.1488251205534654	-2.960598168362254	-2.685125673249382	-2.68512567324938	-2.685125673249371	-2.5064026586851336	-2.032463337177437	-1.8321515479978467	-2.9605981683622327	-2.6851256732494084	-2.685125673249389	-2.685125673249364	-2.5064026586851673	-2.032463337177421	-1.8321515479978343
6.4	-3.3532630577730833	-3.3532630577730584	-2.53580726819754	-2.535807268197524	-2.3457490962706737	-2.3457490962706737	-2.1776259148204025	-3.002829642240118	-2.7301574575077945	-2.7301574575077696	-2.7301574575077625	-2.554895207510728	-2.0746696101607975	-1.8723070314127623	-3.0028296422401075	-2.7301574575078353	-2.730157457507784	-2.730157457507773	-2.554895207510758	-2.074669610160794	-1.8723070314127659
6.6	-3.397136269823732	-3.3971362698237213	-2.5746302852531793	-2.574630285253172	-2.389282203587256	-2.3892822035872454	-2.2068007987389864	-3.044935855922721	-2.775009611194233	-2.7750096111942097	-2.775009611194201	-2.6030428075967107	-2.1166221921730317	-1.9128110020529396	-3.044935855922687	-2.7750096111942257	-2.775009611194222	-2.7750096111942115	-2.6030428075966716	-2.1166221921730246	-1.9128110020529467
6.8	-3.44090144024774	-3.4409014402477167	-2.6134425892007167	-2.613442589200713	-2.4325935131571343	-2.4325935131571166	-2.236474723528853	-3.0869062723059644	-2.819668953322661	-2.819668953322659	-2.8196689533226253	-2.650844995336578	-2.1583310107725344	-1.9535610509219525	-3.0869062723059644	-2.8196689533226733	-2.8196689533226555	-2.819668953322638	-2.650844995336592	-2.158331010772497	-1.9535610509220023
7.0	-3.4845404035220584	-3.484540403522053	-2.6522353680175152	-2.6522353680174975	-2.4756800859629307	-2.475680085962904	-2.2699984510208013	-3.12873170932576	-2.864124581671457	-2.86412458167142	-2.8641245816714145	-2.698302236200086	-2.199804407787041	-1.9944733512762296	-3.128731709325762	-2.86412458167145	-2.8641245816714465	-2.864124581671395	-2.6983022362001288	-2.1998044077870587	-1.9944733512761799
7.2	-3.5280375097444727	-3.5280375097444727	-2.6909990529540364	-2.690999052954031	-2.5185397241189227	-2.518539724118919	-2.3145627941357434	-3.170404204133262	-2.908367559529304	-2.908367559529304	-2.9083675595292986	-2.7454157915195916	-2.2410494107522867	-2.0354798901484683	-3.1704042041332636	-2.9083675595293323	-2.9083675595293235	-2.908367559529304	-2.7454157915195916	-2.2410494107523222	-2.0354798901484736
7.4	-3.571379340843035	-3.571379340843012	-2.729723775106165	-2.729723775106149	-2.561170877841895	-2.5611708778418683	-2.358872002997823	-3.211916888717419	-2.9523906439029473	-2.9523906439029224	-2.952390643902903	-2.792187598622278	-2.2820719650063284	-2.07652571668734	-3.211916888717412	-2.9523906439029384	-2.952390643902919	-2.952390643902917	-2.7921875986222036	-2.2820719650062875	-2.0765257166872777
7.6	-3.614554453101472	-3.614554453101447	-2.7683997005877243	-2.7683997005876995	-2.6035725632818947	-2.603572563281859	-2.4029238791801584	-3.253263876543172	-2.9961880502019733	-2.9961880502019733	-2.996188050201961	-2.838620164157308	-2.3228771301615625	-2.1175664931461293	-3.2532638765431363	-2.9961880502019946	-2.9961880502019875	-2.996188050201945	-2.838620164157276	-2.3228771301616105	-2.117566493146165
7.8	-3.6575531452744086	-3.6575531452744032	-2.8070172687092567	-2.807017268709237	-2.645744290023157	-2.6457442900231056	-2.446717093170837	-3.294440159625828	-3.0397552488003248	-3.0397552488003248	-3.0397552488002946	-2.8847164699891783	-2.363469245038462	-2.1585664344334985	-3.294440159625773	-3.0397552488003123	-3.0397552488003	-3.039755248800284	-2.8847164699891747	-2.363469245038524	-2.1585664344335003
8.0	-3.700367250952884	-3.700367250952838	-2.845567354349094	-2.8455673543490443	-2.687685997170205	-2.687685997170189	-2.4902510510895235	-3.335441515374403	-3.08308878931462	-3.083088789314602	-3.0830887893145915	-2.930479890758332	-2.403852065139154	-2.1994966269058507	-3.335441515374412	-3.0830887893145844	-3.083088789314581	-3.0830887893145773	-2.9304798907582965	-2.403852065139179	-2.199496626905831
8.2	-3.7429899534869646	-3.7429899534869344	-2.8840413722460427	-2.884041372246032	-2.7293979970349413	-2.7293979970349396	-2.5335257811711527	-3.3762644224933434	-3.126186148897994	-3.1261861488979834	-3.12618614889798	-2.9759141220790797	-2.444028876521183	-2.24033367920864	-3.3762644224933114	-3.1261861488979887	-3.1261861488979887	-3.1261861488979266	-2.975914122079087	-2.444028876521224	-2.240333679208619
8.4	-3.7854156216018167	-3.7854156216018042	-2.922431337645599	-2.9224313376455724	-2.7708809255429943	-2.770880925542966	-2.576541836983197	-3.4169059852191745	-3.1690456012886505	-3.169045601288615	-3.169045601288606	-3.0210231183046714	-2.4840025895944136	-2.281058648498866	-3.4169059852191017	-3.169045601288617	-3.1690456012886026	-3.169045601288599	-3.0210231183046004	-2.4840025895943993	-2.281058648498875
8.6	-3.8276396637982844	-3.827639663798272	-2.9607298947841185	-2.960729894784097	-2.8121356985707395	-2.8121356985706845	-2.6193002148204494	-3.457363865183777	-3.2116661037648244	-3.2116661037648013	-3.2116661037647924	-3.065811038809147	-2.523775815978211	-2.3216561884592712	-3.4573638651838037	-3.21166610376481	-3.2116661037647996	-3.2116661037647907	-3.0658110388091417	-2.523775815978216	-2.321656188459282
8.8	-3.8696583996677623	-3.8696583996677427	-2.9989303221892607	-2.998930322189257	-2.8531634735115157	-2.8531634735115032	-2.6618022831268915	-3.4976362202190954	-3.254047199532862	-3.2540471995328586	-3.254047199532814	-3.110282201793555	-2.563350931165208	-2.362113873125792	-3.4976362202191114	-3.2540471995328746	-3.2540471995328355	-3.25404719953283	-3.1102822017935443	-2.563350931165199	-2.362113873125815
9.0	-3.911468946343562	-3.911468946343553	-3.037026521700393	-3.037026521700386	-2.8939656154501625	-2.8939656154501057	-2.7040497221333313	-3.5377216494563486	-3.2961889334076018	-3.2961889334075787	-3.296188933407577	-3.1544410446962106	-2.602730125358822	-2.402421658973128	-3.5377216494563486	-3.296188933407607	-3.296188933407607	-3.296188933407593	-3.154441044696232	-2.602730125358833	-2.4024216589731493
9.2	-3.9530691184304496	-3.953069118430448	-3.075012996445598	-3.0750129964455963	-2.9345436673961514	-2.934543667396084	-2.7460444721839616	-3.577619144115684	-3.338091778940737	-3.3380917789407265	-3.3380917789407016	-3.1982920903739354	-2.6419154445070605	-2.4425714553898787	-3.5776191441156664	-3.338091778940716	-3.338091778940707	-3.3380917789407034	-3.1982920903739602	-2.6419154445070996	-2.442571455389909
9.4	-3.9944573398918033	-3.994457339891782	-3.1128848216907317	-3.1128848216907246	-2.974899324091205	-2.9748993240911625	-2.7877886894643895	-3.617328043426224	-3.3797565754090817	-3.3797565754090746	-3.379756575409073	-3.241839918305039	-2.6809088232435174	-2.482556780134625	-3.6173280434262507	-3.3797565754091314	-3.3797565754090977	-3.379756575409089	-3.241839918305062	-2.680908823243503	-2.482556780134643
9.6	-4.035632566514601	-4.035632566514601	-3.1506376114492918	-3.1506376114492776	-3.01503440896417	-3.01503440896417	-2.8292847080433594	-3.6568479951619475	-3.421184473298381	-3.4211844732983154	-3.4211844732982906	-3.285089140149858	-2.719712111175494	-2.5223724815608426	-3.6568479951619492	-3.4211844732983296	-3.4211844732983225	-3.4211844732983154	-3.285089140149865	-2.719712111175494	-2.522372481560814
9.8	-4.076594217710578	-4.076594217710551	-3.1882674829508693	-3.188267482950864	-3.0549508538580303	-3.054950853858011	-2.8705350073082547	-3.696178920324308	-3.4623768871102643	-3.462376887110236	-3.4623768871102287	-3.3280443790820895	-2.758327093722282	-2.5620145134846313	-3.696178920324358	-3.4623768871102607	-3.4623768871102465	-3.4623768871102074	-3.328044379082095	-2.7583270937222304	-2.562014513484688
