0.0	5	5	5	5	5	5	5	6	6	6	6	6	6	6	4	4	4	4	4	4	4
1.0	5	5	5	5	5	5	5	6	6	6	6	6	6	6	4	4	4	4	4	4	4
2.0	5	5	5	5	5	5	5	6	6	6	6	6	6	6	4	4	4	4	4	4	4
3.0	5	5	5	5	5	5	5	6	6	6	6	6	6	6	4	4	4	4	4	4	4
4.0	5	5	5	5	5	5	5	6	6	6	6	6	6	6	4	4	4	4	4	4	4
5.0	5	5	5	5	5	5	5	6	6	6	6	6	6	6	4	4	4	4	4	4	4
6.0	5	5	5	5	5	5	5	6	6	6	6	6	6	6	4	4	4	4	4	4	4
7.0	5	5	5	5	5	5	5	6	6	6	6	6	6	6	4	4	4	4	4	4	4
8.0	5	5	5	5	5	5	5	6	6	6	6	6	6	6	4	4	4	4	4	4	4
9.0	5	5	5	5	5	5	5	6	6	6	6	6	6	6	4	4	4	4	4	4	4
10.0	5	5	5	5	5	5	5	6	6	6	6	6	6	6	4	4	4	4	4	4	4
11.0	5	5	5	5	5	5	5	6	6	6	6	6	6	6	4	4	4	4	4	4	4
12.0	5	5	5	5	5	5	5	6	6	6	6	6	6	6	4	4	4	4	4	4	4
13.0	5	5	5	5	5	5	5	6	6	6	6	6	6	6	4	4	4	4	4	4	4
14.0	5	5	5	5	5	5	5	6	6	6	6	6	6	6	4	4	4	4	4	4	4
15.0	5	5	5	5	5	5	5	6	6	6	6	6	6	6	4	4	4	4	4	4	4
16.0	5	5	5	5	5	5	5	6	6	6	6	6	6	6	4	4	4	4	4	4	4
17.0	5	5	5	5	5	5	5	6	6	6	6	6	6	6	4	4	4	4	4	4	4
18.0	5	5	5	5	5	5	5	6	6	6	6	6	6	6	4	4	4	4	4	4	4
19.0	5	5	5	5	5	5	5	6	6	6	6	6	6	6	4	4	4	4	4	4	4
20.0	5	5	5	5	5	5	5	6	6	6	6	6	6	6	4	4	4	4	4	4	4
21.0	5	5	5	5	5	5	5	6	6	6	6	6	6	6	4	4	4	4	4	4	4
22.0	5	5	5	5	5	5	5	6	6	6	6	6	6	6	4	4	4	4	4	4	4
23.0	5	5	5	5	5	5	5	6	6	6	6	6	6	6	4	4	4	4	4	4	4
24.0	5	5	5	5	5	5	5	6	6	6	6	6	6	6	4	4	4	4	4	4	4
25.0	5	5	5	5	5	5	5	6	6	6	6	6	6	6	4	4	4	4	4	4	4
26.0	5	5	5	5	5	5	5	6	6	6	6	6	6	6	4	4	4	4	4	4	4
27.0	5	5	5	5	5	5	5	6	6	6	6	6	6	6	4	4	4	4	4	4	4
28.0	5	5	5	5	5	5	5	6	6	6	6	6	6	6	4	4	4	4	4	4	4
29.0	5	5	5	5	5	5	5	6	6	6	6	6	6	6	4	4	4	4	4	4	4
