0.0	-2.0396078054371145	-2.03960780543711	-0.8198039027185642	-0.8198039027185589	-1.419803902718563	-1.4198039027185603	-1.4198039027185567	-1.4198039027185558	-1.4198039027185638	-1.4198039027185612	-1.4198039027185576	-1.4198039027185558
0.1	-2.06272191706101	-2.062721917061004	-0.8884480295647945	-0.8884480295647785	-1.4833644782206985	-1.4436971845197801	-1.4429173259244763	-1.4429173259244683	-1.483364478220695	-1.4436971845197792	-1.4429173259244719	-1.4429173259244612
0.2	-2.086868389381528	-2.0868683893815145	-0.9616688947331307	-0.9616688947331102	-1.547378728484201	-1.468910305440568	-1.4671028432238353	-1.4671028432238291	-1.5473787284842073	-1.4689103054405566	-1.4671028432238247	-1.467102843223823
0.3	-2.1121237215134574	-2.112123721513453	-1.0326105343094811	-1.0326105343094483	-1.6116807281144894	-1.495560972493199	-1.492443974017391	-1.492443974017375	-1.6116807281145178	-1.4955609724931982	-1.4924439740173838	-1.492443974017383
0.4	-2.1385642252231865	-2.138564225223175	-1.1007870945281306	-1.100787094528095	-1.6761174290323577	-1.5237650319871259	-1.5190243752767705	-1.5190243752767643	-1.6761174290323515	-1.5237650319871205	-1.5190243752767785	-1.5190243752767714
0.5	-2.166263483143825	-2.1662634831438243	-1.1660704413276806	-1.1660704413276557	-1.7405516130813634	-1.5536304400159393	-1.5469249217897447	-1.546924921789743	-1.740551613081374	-1.5536304400159642	-1.5469249217897554	-1.546924921789735
0.6	-2.1952892551412937	-2.1952892551412893	-1.2284153621212672	-1.228415362121253	-1.8048632298982055	-1.585249999626333	-1.5762201048982503	-1.5762201048982467	-1.8048632298981957	-1.585249999626325	-1.5762201048982556	-1.5762201048982432
0.7	-2.2256999548533	-2.225699954853293	-1.2878136467647519	-1.2878136467647492	-1.868949487856737	-1.6186934632439005	-1.6069738968705733	-1.6069738968705645	-1.868949487856712	-1.6186934632439032	-1.6069738968705858	-1.606973896870569
0.8	-2.25754092703576	-2.257540927035751	-1.344281845647302	-1.3442818456472896	-1.932724075916287	-1.6539999760772979	-1.639235370242404	-1.639235370242397	-1.932724075916262	-1.6539999760773227	-1.6392353702424023	-1.639235370242397
0.9	-2.290840861890116	-2.2908408618900964	-1.397857904824197	-1.3978579048241944	-1.9961158476600795	-1.691172082447662	-1.673034499841207	-1.673034499841192	-1.9961158476600467	-1.6911720824476353	-1.6730344998411981	-1.6730344998411901
1.0	-2.3256087548777007	-2.3256087548776874	-1.4595498687208828	-1.459549868720866	-2.059067228251692	-1.730172480762298	-1.7083786672530543	-1.7083786672530543	-2.0590672282517	-1.7301724807623282	-1.708378667253065	-1.7083786672530596
1.1	-2.361831827745683	-2.3618318277456822	-1.5225913607674908	-1.5225913607674908	-2.1215325322752854	-1.77092431844979	-1.745250388652571	-1.7452503886525523	-2.1215325322752943	-1.7709243184497767	-1.7452503886525594	-1.7452503886525497
1.2	-2.3994747478577487	-2.399474747857739	-1.5850948480101312	-1.5850948480101135	-2.1834763170762503	-1.8133151392439384	-1.783606670343981	-1.7836066703439784	-2.183476317076252	-1.8133151392439677	-1.7836066703439712	-1.7836066703439677
1.3	-2.438480321653752	-2.4384803216537474	-1.647031270640145	-1.6470312706401415	-2.2448718465609208	-1.857203849712743	-1.8233801714750166	-1.8233801714750086	-2.2448718465608852	-1.8572038497127386	-1.8233801714750113	-1.823380171475006
1.4	-2.4787716260753303	-2.4787716260753117	-1.7083798531917873	-1.7083798531917829	-2.305699704404211	-1.9024295204137962	-1.8644820707537066	-1.8644820707536853	-2.305699704404195	-1.902429520413821	-1.8644820707537129	-1.8644820707537049
1.5	-2.5202553313226588	-2.5202553313226543	-1.769126625489899	-1.7691266254898874	-2.365946571208676	-1.9488206472789757	-1.9068062695547106	-1.9068062695547052	-2.3659465712087027	-1.948820647278997	-1.906806269554723	-1.906806269554714
1.6	-2.562825812699047	-2.562825812699031	-1.8292631679022655	-1.829263167902254	-2.4256041647045183	-1.9962036722401706	-1.9502343883206636	-1.9502343883206548	-2.425604164704554	-1.9962036722401404	-1.9502343883206468	-1.9502343883206432
1.7	-2.60636958261993	-2.6063695826199123	-1.8887855569351677	-1.8887855569351624	-2.484668333086079	-2.044409964365027	-1.9946409638440006	-1.9946409638439961	-2.484668333086044	-2.0444099643649993	-1.9946409638440157	-1.994640963844006
1.8	-2.6507696001102685	-2.65076960011025	-1.947693485879638	-1.947693485879629	-2.5431382869855685	-2.0932809175709366	-2.0398983247945024	-2.0398983247945006	-2.543138286985581	-2.093280917570932	-2.039898324794496	-2.039898324794491
1.9	-2.6959091114503533	-2.6959091114503435	-2.00598953584928	-2.0059895358492748	-2.6010159538380844	-2.14267119454429	-2.085880770921242	-2.0858807709212277	-2.6010159538380737	-2.142671194544274	-2.085880770921227	-2.085880770921209
2.0	-2.7416748056956664	-2.7416748056956433	-2.0636785743860546	-2.0636785743860413	-2.6583054383802747	-2.192450380835207	-2.13246785534579	-2.132467855345788	-2.65830543838031	-2.192450380835207	-2.1324678553458014	-2.1324678553457783
2.1	-2.787959197658078	-2.787959197658078	-2.120767261240535	-2.1207672612404966	-2.715012573998541	-2.2425034134179604	-2.179546725725263	-2.179546725725258	-2.7150125739985453	-2.2425034134179542	-2.1795467257252703	-2.179546725725264
2.2	-2.8346622548799445	-2.8346622548799383	-2.177263643550054	-2.177263643550054	-2.7711445510996446	-2.2927301516423517	-2.227013594293034	-2.227013594293015	-2.7711445510996526	-2.2927301516423686	-2.2270135942930365	-2.2270135942930214
2.3	-2.8816923542149686	-2.881692354214967	-2.2331768251885062	-2.233176825188501	-2.8267096103190426	-2.3430444081241735	-2.2747744731465556	-2.2747744731465485	-2.8267096103190514	-2.343044408124154	-2.2747744731465502	-2.274774473146522
2.4	-2.928966688921628	-2.9289666889216264	-2.2885166974125495	-2.2885166974125486	-2.881716790018121	-2.393372686367848	-2.3227453364900335	-2.3227453364900335	-2.8817167900181158	-2.3933726863678455	-2.3227453364900246	-2.322745336490021
2.5	-2.9764112559311817	-2.9764112559311595	-2.3432937200164554	-2.34329372001645	-2.9361757190566724	-2.443652801698481	-2.3708518680750936	-2.3708518680750936	-2.936175719056658	-2.4436528016984607	-2.370851868075091	-2.37085186807509
2.6	-3.023960544285103	-3.0239605442850976	-2.3975187440188686	-2.3975187440188535	-2.990096447210778	-2.493832502551699	-2.4190289321162295	-2.419028932116224	-2.9900964472107816	-2.493832502551715	-2.4190289321162446	-2.419028932116216
2.7	-3.071557027824051	-3.0715570278239994	-2.4512028684458222	-2.451202868445784	-3.043489306820222	-2.5438681634079625	-2.4672198791630304	-2.4672198791630198	-3.0434893068201774	-2.543868163407928	-2.4672198791630304	-2.4672198791630304
2.8	-3.119150544114392	-3.1191505441143264	-2.504357325075526	-2.504357325075514	-3.096364800299259	-2.5937235879115352	-2.515375771151901	-2.5153757711519003	-3.0963648002992574	-2.5937235879115494	-2.515375771151912	-2.5153757711518976
2.9	-3.16669762114625	-3.166697621146218	-2.5569933860925715	-2.5569933860925644	-3.1487335090376654	-2.6433689386743904	-2.5634545856146937	-2.5634545856146786	-3.1487335090376583	-2.643368938674376	-2.563454585614691	-2.563454585614684
3.0	-3.2141607955199074	-3.2141607955198896	-2.6091222904996814	-2.609122290499676	-3.2006060199733	-2.692779796290764	-2.611420439212809	-2.611420439212802	-3.2006060199733017	-2.6927797962907833	-2.611420439212808	-2.6114204392127807
3.1	-3.2615079514006187	-3.261507951400608	-2.6607551858774032	-2.66075518587739	-3.251992866751081	-2.741936341844193	-2.659242855551022	-2.6592428555510006	-3.2519928667511007	-2.7419363418442027	-2.6592428555510192	-2.659242855551006
3.2	-3.3087116984411917	-3.308711698441172	-2.711903082693338	-2.7119030826933104	-3.30290448291065	-2.7908226528048967	-2.7068960911151665	-2.7068960911151487	-3.30290448291065	-2.7908226528048603	-2.706896091115164	-2.7068960911151505
3.3	-3.3557487987507386	-3.35574879875071	-2.7625768188648454	-2.7625768188647957	-3.3533511649854724	-2.839426100327188	-2.7543585254296605	-2.7543585254296516	-3.3533511649854617	-2.839426100327211	-2.754358525429663	-2.754358525429663
3.4	-3.402599647282331	-3.4025996472823206	-2.8127870326910855	-2.81278703269105	-3.4033430437603798	-2.8877368355917454	-2.801612116376422	-2.8016121163764165	-3.403343043760458	-2.8877368355918165	-2.8016121163764387	-2.8016121163764307
3.5	-3.4492478061809813	-3.449247806180942	-2.862544142608276	-2.86254414260826	-3.452890062237488	-2.935747353353869	-2.8486419183764067	-2.848641918376388	-3.4528900622374437	-2.9357473533538787	-2.8486419183763996	-2.848641918376398
3.6	-3.495679591192223	-3.495679591192218	-2.9118583324982756	-2.911858332498257	-3.5020019591085756	-2.983452121832208	-2.8954356592529775	-2.895435659252964	-3.5020019591085525	-2.983452121832168	-2.8954356592529917	-2.8954356592529793
3.7	-3.5418837067930635	-3.5418837067930173	-2.9607395415085866	-2.9607395415085644	-3.550688256743463	-3.030847269239972	-2.9419833706453664	-2.9419833706453646	-3.5506882567434346	-3.0308472692399686	-2.9419833706453637	-2.941983370645347
3.8	-3.587850925957202	-3.5878509259571736	-3.0091974575268416	-3.009197457526838	-3.5989582528691635	-3.077930318463313	-2.988277066503019	-2.9882770665030156	-3.5989582528691493	-3.077930318463334	-2.9882770665030156	-2.988277066503006
3.9	-3.6335738101880892	-3.633573810188082	-3.057241513606497	-3.057241513606458	-3.6468210152613523	-3.1246999625429996	-3.0343104642433687	-3.0343104642433545	-3.6468210152613416	-3.1246999625429996	-3.0343104642433563	-3.034310464243344
4.0	-3.6790464654675894	-3.679046465467575	-3.1048808867651196	-3.104880886765084	-3.6942853788841123	-3.1711558746705766	-3.0800787434363954	-3.08007874343639	-3.694285378884114	-3.171155874670612	-3.080078743436399	-3.080078743436381
4.1	-3.724264329970808	-3.724264329970797	-3.1521244986803243	-3.1521244986803048	-3.7413599450115456	-3.217298547344482	-3.1255783372848516	-3.125578337284832	-3.7413599450115314	-3.2172985473445106	-3.1255783372848462	-3.1255783372848303
4.2	-3.7692239896972346	-3.7692239896972026	-3.198981017892102	-3.1989810178920646	-3.7880530819454883	-3.2631291561531643	-3.170806752628449	-3.1708067526284243	-3.788053081945506	-3.263129156153129	-3.1708067526284385	-3.170806752628428
4.3	-3.8139230185196915	-3.813923018519688	-3.2454588631914767	-3.24545886319145	-3.834372927009742	-3.308649444354124	-3.2157624146703014	-3.2157624146702677	-3.8343729270097526	-3.3086494443541454	-3.215762414670282	-3.2157624146702695
4.4	-3.858359839515323	-3.8583598395152983	-3.2915662079313286	-3.291566207931325	-3.8803273895565695	-3.353861625021784	-3.2604445330757486	-3.2604445330757343	-3.8803273895565695	-3.3538616250217554	-3.2604445330757503	-3.2604445330757326
4.5	-3.902533604797103	-3.9025336047970782	-3.3373109850437874	-3.3373109850437768	-3.925924154766925	-3.3987682980459137	-3.3048529865164635	-3.304852986516451	-3.9259241547669212	-3.3987682980459244	-3.3048529865164546	-3.304852986516451
4.6	-3.946444091399062	-3.9464440913990586	-3.3827008925867084	-3.3827008925866924	-3.971170688064536	-3.4433723796937468	-3.34898822311418	-3.3489882231141763	-3.971170688064543	-3.443372379693745	-3.3489882231141586	-3.348988223114155
4.7	-3.9900916110736944	-3.990091611073666	-3.4277433996748154	-3.4277433996747906	-4.016074239993992	-3.48767704281048	-3.392851174581704	-3.3928511745817023	-4.016074239993941	-3.487677042810466	-3.3928511745817183	-3.3928511745817094
4.8	-4.033476932136129	-4.0334769321361215	-3.4724457526771815	-3.472445752677162	-4.060641851441421	-3.531685666038742	-3.4364431821593957	-3.436443182159385	-4.060641851441439	-3.531685666038763	-3.4364431821593993	-3.436443182159387
4.9	-4.076601211736449	-4.076601211736438	-3.51681498158478	-3.5168149815847585	-4.1048803590964	-3.5754017906915845	-3.4797659327097907	-3.479765932709789	-4.104880359096443	-3.5754017906916022	-3.4797659327097836	-3.4797659327097747
5.0	-4.119465937155773	-4.119465937155731	-3.560857906470181	-3.5608579064701775	-4.148796401072291	-3.618829084127354	-3.5228214035624497	-3.5228214035624354	-4.148796401072328	-3.618829084127368	-3.5228214035624514	-3.5228214035624266
5.1	-4.162072874913401	-4.162072874913381	-3.6045811439768265	-3.6045811439767963	-4.192396422618348	-3.66197130865625	-3.565611814898798	-3.5656118148987925	-4.19239642261833	-3.6619713086561845	-3.5656118148987943	-3.565611814898789
5.2	-4.2044240266366835	-4.204424026636676	-3.6479911137864764	-3.647991113786473	-4.235686681868124	-3.70483229515664	-3.6081395886380427	-3.6081395886380214	-4.235686681868138	-3.7048322951566437	-3.608139588638039	-3.6081395886380374
5.3	-4.24652159078752	-4.246521590787495	-3.6910940450261513	-3.6910940450261442	-4.278673255579925	-3.7474159207063877	-3.6504073129317085	-3.6504073129316996	-4.278673255579921	-3.7474159207063504	-3.650407312931705	-3.650407312931696
5.4	-4.288367929464734	-4.288367929464716	-3.7338959825809237	-3.733895982580915	-4.321362044833808	-3.7897260896412313	-3.692417711500518	-3.692417711500509	-4.321362044833773	-3.7897260896412543	-3.692417711500541	-3.692417711500511
5.5	-4.3299655396078585	-4.329965539607848	-3.776402793289556	-3.7764027932895505	-4.363758780656099	-3.8317667175396526	-3.7341736171551414	-3.73417361715512	-4.363758780656111	-3.831766717539635	-3.7341736171551183	-3.734173617155111
5.6	-4.371317028019465	-4.371317028019444	-3.8186201720028183	-3.818620172002815	-4.4058690295499545	-3.8735417177108467	-3.775677948934316	-3.7756779489343035	-4.405869029549972	-3.873541717710836	-3.775677948934314	-3.7756779489343106
5.7	-4.412425089703593	-4.412425089703573	-3.860553647491157	-3.86055364749115	-4.447698198913454	-3.915054989824087	-3.8169336923741977	-3.816933692374187	-4.447698198913439	-3.9150549898241103	-3.8169336923741994	-3.816933692374194
5.8	-4.453292489085188	-4.45329248908517	-3.9022085881907476	-3.9022085881907334	-4.4892515423327275	-3.956310410372062	-3.8579438824887102	-3.8579438824886925	-4.489251542332683	-3.956310410372053	-3.8579438824887067	-3.8579438824886942
5.9	-4.4939220437353775	-4.49392204373536	-3.943590207781442	-3.943590207781419	-4.530534164739304	-3.9973118247053616	-3.898711589100099	-3.898711589100081	-4.5305341647393345	-3.997311824705376	-3.898711589100083	-3.8987115891000688
6.0	-4.534316610276132	-4.534316610276072	-3.984703570591508	-3.984703570591469	-4.5715510274264695	-4.0380630404143485	-3.9392399042081596	-3.93923990420814	-4.571551027426482	-4.038063040414366	-3.9392399042081454	-3.9392399042081436
6.1	-4.574479072183948	-4.574479072183941	-4.025553596827345	-4.025553596827288	-4.6123069529167715	-4.0785678218657715	-3.9795319311287614	-3.979531931128715	-4.61230695291683	-4.078567821865741	-3.9795319311287187	-3.97953193112871
6.2	-4.614412329247511	-4.614412329247482	-4.066145067627328	-4.066145067627312	-4.652806629681379	-4.118829885730378	-4.019590775169187	-4.019590775169176	-4.652806629681367	-4.118829885730351	-4.019590775169199	-4.019590775169158
6.3	-4.654119288467395	-4.654119288467388	-4.106482629940604	-4.106482629940588	-4.69305461670718	-4.158852897360706	-4.0594195356397105	-4.059419535639693	-4.693054616707181	-4.158852897360665	-4.0594195356397	-4.059419535639698
6.4	-4.69360285621444	-4.693602856214435	-4.146570801232441	-4.146570801232395	-4.7330553479133215	-4.198640467897059	-4.099021299026104	-4.099021299026095	-4.733055347913339	-4.198640467897031	-4.099021299026097	-4.0990212990260915
6.5	-4.732865931486138	-4.732865931486131	-4.1864139740191995	-4.186413974019194	-4.772813136417531	-4.238196151998951	-4.138399133173291	-4.138399133173252	-4.772813136417543	-4.238196151998913	-4.138399133173257	-4.1383991331732535
6.6	-4.771911400122654	-4.7719114001226295	-4.22601642023645	-4.226016420236434	-4.812332178653895	-4.27752344611139	-4.177556082348186	-4.1775560823481825	-4.812332178653904	-4.2775234461113545	-4.177556082348163	-4.1775560823481594
6.7	-4.810742129860312	-4.810742129860278	-4.265382295443395	-4.265382295443336	-4.851616558345059	-4.316625787189862	-4.216495163068528	-4.216495163068496	-4.85161655834505	-4.316625787189867	-4.216495163068535	-4.216495163068499
6.8	-4.849360966117953	-4.849360966117953	-4.304515642868951	-4.304515642868944	-4.890670250331638	-4.3555065518170775	-4.2552193605980975	-4.255219360598092	-4.890670250331604	-4.355506551817063	-4.255219360598106	-4.255219360598083
6.9	-4.88777072842322	-4.887770728423206	-4.343420397303417	-4.3434203973033725	-4.9294971242621255	-4.394169055654002	-4.293731626023158	-4.293731626023142	-4.929497124262134	-4.394169055654016	-4.293731626023154	-4.293731626023154
7.0	-4.925974207398717	-4.925974207398692	-4.382100388840772	-4.382100388840739	-4.968100948147047	-4.432616553176757	-4.332034873833846	-4.3320348738338375	-4.968100948147065	-4.432616553176734	-4.332034873833869	-4.332034873833843
7.1	-4.963974162237189	-4.963974162237161	-4.420559346476191	-4.4205593464761765	-5.006485391781194	-4.470852237654816	-4.370131979946418	-4.370131979946388	-5.006485391781201	-4.470852237654768	-4.370131979946423	-4.370131979946388
7.2	-5.001773318605288	-5.001773318605284	-4.458800901564514	-4.4588009015645085	-5.044654030038018	-4.508879241336013	-4.408025780108119	-4.408025780108119	-5.044654030038053	-4.508879241336029	-4.408025780108128	-4.408025780108115
7.3	-5.03937436692064	-5.039374366920603	-4.496828591143727	-4.496828591143716	-5.082610346040523	-4.546700635804379	-4.445719068635988	-4.445719068635956	-5.082610346040546	-4.546700635804362	-4.44571906863597	-4.445719068635949
7.4	-5.076779960956014	-5.076779960956012	-4.5346458611291265	-4.534645861129103	-5.120357734212234	-4.584319432484053	-4.483214597444713	-4.483214597444711	-5.120357734212266	-4.584319432484035	-4.483214597444716	-4.483214597444711
7.5	-5.113992716728962	-5.113992716728898	-4.572256069382469	-4.572256069382428	-5.157899503212974	-4.621738583265843	-4.520515075327177	-4.520515075327165	-5.157899503212949	-4.621738583265875	-4.5205150753271806	-4.52051507532715
7.6	-5.1510152116404	-5.151015211640379	-4.609662488661721	-4.609662488661709	-5.195238878763153	-4.65896098123501	-4.557623167452414	-4.557623167452363	-5.195238878763099	-4.658960981234934	-4.557623167452432	-4.557623167452405
7.7	-5.187849983830759	-5.187849983830748	-4.646868309455245	-4.646868309455222	-5.232379006361265	-4.695989461482595	-4.594541495053678	-4.594541495053672	-5.2323790063612385	-4.695989461482629	-4.594541495053672	-4.594541495053669
7.8	-5.2244995317252965	-5.224499531725291	-4.683876642705547	-4.683876642705515	-5.269322953897827	-4.732826801985889	-4.631272635279766	-4.631272635279746	-5.269322953897893	-4.732826801985903	-4.631272635279741	-4.631272635279728
7.9	-5.260966313744007	-5.260966313743996	-4.720690522426713	-4.720690522426711	-5.306073714170413	-4.769475724542982	-4.667819121187689	-4.667819121187685	-5.306073714170392	-4.769475724542996	-4.667819121187684	-4.66781912118768
8.0	-5.297252748154751	-5.297252748154737	-4.757312908220809	-4.7573129082208006	-5.342634207302584	-4.805938895751133	-4.704183441857426	-4.704183441857417	-5.342634207302595	-4.805938895751131	-4.704183441857426	-4.704183441857406
8.1	-5.333361213050459	-5.333361213050457	-4.79374668769554	-4.793746687695526	-5.3790072830724185	-4.842218928019161	-4.740368042610751	-4.74036804261074	-5.379007283072468	-4.842218928019127	-4.740368042610717	-4.74036804261071
8.2	-5.3692940464337084	-5.369294046433673	-4.829994678789424	-4.829994678789408	-5.415195723151946	-4.878318380604059	-4.7763753253198065	-4.776375325319805	-5.415195723151992	-4.878318380604075	-4.776375325319814	-4.776375325319812
8.3	-5.405053546393718	-5.405053546393713	-4.866059632006637	-4.866059632006623	-5.451202243262413	-4.914239760665945	-4.812207648791828	-4.812207648791823	-5.451202243262408	-4.9142397606659465	-4.812207648791851	-4.812207648791841
8.4	-5.440641971363291	-5.440641971363275	-4.9019442325663025	-4.901944232566281	-5.487029495248597	-4.94998552433411	-4.8478673292183725	-4.847867329218369	-5.487029495248601	-4.949985524334112	-4.847867329218452	-4.8478673292183885
8.5	-5.476061540443666	-5.476061540443647	-4.937651102469532	-4.937651102469493	-5.522680069075218	-4.9855580777789275	-4.8833566406791125	-4.883356640679063	-5.522680069075243	-4.985558077778878	-4.883356640679073	-4.883356640679047
8.6	-5.511314433787952	-5.511314433787945	-4.973182802487392	-4.973182802487361	-5.558156494748687	-5.020959778285116	-4.918677815690954	-4.91867781569095	-5.558156494748685	-5.020959778285137	-4.918677815690955	-4.9186778156909465
8.7	-5.546402793033636	-5.5464027930336215	-5.0085418340736165	-5.008541834073583	-5.593461244167077	-5.056192935322491	-4.953833045795246	-4.953833045795237	-5.5934612441670595	-5.056192935322583	-4.953833045795276	-4.953833045795262
8.8	-5.581328721776639	-5.581328721776632	-5.043730641204808	-5.043730641204787	-5.628596732901812	-5.091259811610671	-4.988824482175367	-4.988824482175366	-5.628596732901812	-5.0912598116106675	-4.988824482175367	-4.988824482175364
8.9	-5.616094286080511	-5.616094286080475	-5.078751612151789	-5.078751612151759	-5.66356532191303	-5.126162624174338	-5.023654236299329	-5.0236542362993095	-5.663565321913001	-5.126162624174356	-5.023654236299322	-5.023654236299313
9.0	-5.650701515013669	-5.650701515013655	-5.1136070811840355	-5.113607081184005	-5.698369319202058	-5.160903545388562	-5.058324380582139	-5.058324380582125	-5.698369319202051	-5.16090354538855	-5.058324380582121	-5.058324380582114
9.1	-5.685152401210715	-5.685152401210704	-5.148299330210998	-5.148299330210966	-5.7330109814033285	-5.195484704009521	-5.092836949062944	-5.092836949062901	-5.733010981403403	-5.195484704009528	-5.092836949062905	-5.092836949062903
9.2	-5.719448901452148	-5.719448901452143	-5.182830590362588	-5.18283059036257	-5.767492515318162	-5.229908186191198	-5.127193938093249	-5.127193938093248	-5.767492515318219	-5.229908186191237	-5.1271939380932725	-5.127193938093264
9.3	-5.753592937258773	-5.753592937258762	-5.21720304351129	-5.217203043511288	-5.8018160793927045	-5.2641760364859245	-5.161397307032969	-5.1613973070329635	-5.801816079392697	-5.264176036485901	-5.161397307032962	-5.161397307032951
9.4	-5.787586395497353	-5.7875863954973035	-5.251418823738124	-5.251418823738099	-5.835983785142535	-5.2982902588264995	-5.195448978950187	-5.195448978950171	-5.835983785142533	-5.298290258826549	-5.195448978950205	-5.195448978950184
9.5	-5.821431128994108	-5.8214311289941065	-5.285480018745691	-5.285480018745639	-5.869997698526218	-5.332252817491797	-5.229350841323637	-5.229350841323633	-5.869997698526243	-5.33225281749179	-5.229350841323628	-5.2293508413236225
9.6	-5.855128957153635	-5.855128957153589	-5.319388671219336	-5.319388671219331	-5.903859841269535	-5.36606563805192	-5.263104746744224	-5.263104746744201	-5.9038598412695595	-5.366065638051948	-5.263104746744219	-5.263104746744201
9.7	-5.888681666580318	-5.888681666580304	-5.353146780139918	-5.353146780139879	-5.937572192142486	-5.399730608294959	-5.296712513614212	-5.296712513614196	-5.937572192142518	-5.399730608294963	-5.296712513614233	-5.296712513614201
9.8	-5.922091011700925	-5.922091011700893	-5.386756302048516	-5.386756302048498	-5.971136688191404	-5.433249579133657	-5.33017592684241	-5.33017592684241	-5.9711366881914	-5.433249579133683	-5.3301759268424025	-5.330175926842394
9.9	-5.955358715385824	-5.955358715385824	-5.420219152267009	-5.420219152267006	-6.004555225927188	-5.466624365491944	-5.363496738533634	-5.363496738533627	-6.004555225927186	-5.466624365491894	-5.363496738533652	-5.363496738533621
