0.0	-2.052263057480694	-2.052263057480694	-0.8579929421377059	-0.857992942137578	-0.8324836263653381	-0.8324836263651392	-0.8324591547622049	-1.1518399007116713	-1.1324591547621807	-1.1324591547621807	-1.1324591547620884	-1.1324591547620528	-1.126171364819328	-1.126171364819207	-1.1518399007120763	-1.1324591547623442	-1.1324591547620884	-1.1324591547620528	-1.1324591547618894	-1.1261713648194274	-1.1261713648191787
0.2	-2.054820009072472	-2.0548200090723725	-0.8607356872622347	-0.860735687262185	-0.8403257211273143	-0.8403257211272646	-0.8351874430342932	-1.1582093258018062	-1.1350839763230525	-1.1350482011227214	-1.1350482011226504	-1.1350482011225154	-1.127441397618803	-1.1274413976187176	-1.158209325801657	-1.1350839763231804	-1.135048201122828	-1.1350482011227854	-1.1350482011225225	-1.127441397618945	-1.1274413976187745
0.4	-2.0573897611196443	-2.0573897611195946	-0.8634935517991025	-0.8634935517990314	-0.8481995242950049	-0.8481995242948415	-0.8379122440281677	-1.164620880637095	-1.1377059388186836	-1.1376486093344624	-1.137648609334427	-1.1376486093343914	-1.1287163967810798	-1.1287163967810159	-1.1646208806370737	-1.137705938818705	-1.1376486093345193	-1.1376486093344553	-1.1376486093343487	-1.1287163967810656	-1.1287163967810159
0.6	-2.05997246811485	-2.0599724681147293	-0.8662668322858877	-0.8662668322858309	-0.8560798327762811	-0.8560798327761958	-0.8406452153670614	-1.1710687067876862	-1.1403310029062084	-1.1402612311415012	-1.1402612311414586	-1.1402612311414444	-1.129995669334484	-1.1299956693342068	-1.1710687067877856	-1.1403310029063292	-1.140261231141615	-1.1402612311414586	-1.1402612311414302	-1.1299956693343916	-1.1299956693343205
0.8	-2.062568286822497	-2.06256828682244	-0.8690562706923544	-0.869056270692333	-0.8639654792283267	-0.8639654792283196	-0.8433866401195971	-1.1775494525464083	-1.1429626201650294	-1.142886608524421	-1.1428866085243925	-1.142886608524364	-1.1312788343047586	-1.1312788343047302	-1.1775494525462449	-1.1429626201651075	-1.142886608524492	-1.142886608524357	-1.1428866085242788	-1.1312788343048936	-1.131278834304851
1.0	-2.0651773763008663	-2.065177376300717	-0.8719650823488578	-0.8719650823488223	-0.8717528324761545	-0.8717528324761048	-0.846136980898514	-1.1840610529850082	-1.1456029531033494	-1.145525132017056	-1.145525132017049	-1.145525132017049	-1.1325656644185003	-1.1325656644183866	-1.184061052985001	-1.1456029531036336	-1.1455251320172337	-1.145525132017191	-1.1455251320171627	-1.1325656644184505	-1.1325656644182729
1.2	-2.067799897924239	-2.0677998979242247	-0.8797592249033812	-0.8797592249033599	-0.8746755284922045	-0.8746755284921974	-0.8488967338306352	-1.190602155503079	-1.1482534496742147	-1.1481771114388195	-1.1481771114387982	-1.1481771114386206	-1.133856015390947	-1.1338560153909327	-1.1906021555028374	-1.148253449673966	-1.1481771114388266	-1.148177111438656	-1.1481771114384998	-1.1338560153909114	-1.1338560153907196
1.4	-2.0704360154051855	-2.0704360154051855	-0.8876594879605619	-0.8876594879603701	-0.8775123806818712	-0.8775123806816438	-0.851666405657916	-1.197171826041611	-1.1509151371275834	-1.1508428108514153	-1.1508428108513868	-1.1508428108513726	-1.135149790987164	-1.1351497909870645	-1.197171826041405	-1.1509151371275408	-1.1508428108514224	-1.1508428108514153	-1.1508428108512732	-1.135149790987093	-1.1351497909870716
1.6	-2.0730858948145894	-2.073085894814511	-0.8955641781185335	-0.8955641781184553	-0.880364694761326	-0.8803646947612904	-0.8544465060816506	-1.20376938848635	-1.1535887826804085	-1.1535224672352484	-1.1535224672351276	-1.153522467235078	-1.1364469243648188	-1.1364469243647548	-1.2037693884863216	-1.1535887826804583	-1.1535224672355184	-1.1535224672352626	-1.15352246723522	-1.136446924364975	-1.1364469243648827
1.8	-2.0757497046027495	-2.075749704602565	-0.9034721626648619	-0.903472162664805	-0.8832332249644566	-0.8832332249644494	-0.8572375435966748	-1.2103943319421049	-1.1562749863161486	-1.1562163010995263	-1.15621630109937	-1.156216301099306	-1.137747367481694	-1.137747367481552	-1.2103943319420623	-1.1562749863161486	-1.1562163010995192	-1.1562163010992919	-1.1562163010992776	-1.137747367481623	-1.1377473674816159
2.0	-2.0784276156183097	-2.0784276156183026	-0.91138275741352	-0.9113827574133353	-0.8861182861023451	-0.886118286102203	-0.8600400225495974	-1.2170462546923133	-1.1589742368991836	-1.1589245228242362	-1.1589245228241296	-1.1589245228239307	-1.1390510847686173	-1.1390510847685889	-1.2170462546921286	-1.1589742368990414	-1.158924522824094	-1.1589245228240515	-1.1589245228240301	-1.1390510847685533	-1.1390510847684894
2.2	-2.0811198011284517	-2.081119801128388	-0.9192953582675258	-0.919295358267469	-0.8890201218874338	-0.8890201218874196	-0.8628544408269079	-1.2237248290041691	-1.1616869474493612	-1.1616473366145286	-1.1616473366145001	-1.1616473366144007	-1.1403580491921161	-1.140358049192038	-1.223724829004098	-1.1616869474493896	-1.1616473366146494	-1.161647336614628	-1.161647336614564	-1.1403580491921588	-1.1403580491920735
2.4	-2.0838264368354373	-2.083826436835288	-0.9272093884068653	-0.9272093884068155	-0.891938957625392	-0.8919389576252925	-0.865681288011956	-1.230429778283927	-1.1644134780689726	-1.164384943056966	-1.1643849430569446	-1.164384943056831	-1.141668239713539	-1.1416682397134679	-1.2304297782838702	-1.1644134780691004	-1.1643849430570015	-1.1643849430569446	-1.1643849430569446	-1.1416682397136384	-1.1416682397135887
2.6	-2.086547700894627	-2.0865477008944993	-0.9351242849809012	-0.9351242849806951	-0.8948750133959322	-0.8948750133957333	-0.8685210439415343	-1.2371608618217493	-1.1671541512791137	-1.1671375408205762	-1.1671375408205265	-1.1671375408203701	-1.142981639599114	-1.142981639599057	-1.2371608618217067	-1.167154151279064	-1.1671375408205051	-1.1671375408204412	-1.1671375408203417	-1.1429816395992063	-1.1429816395990997
2.8	-2.0892837739309087	-2.089283773930873	-0.9430394945781586	-0.9430394945779881	-0.8978285084506368	-0.8978285084502673	-0.8713741776371364	-1.243917864353321	-1.1699092625436123	-1.1699053278243312	-1.1699053278240825	-1.1699053278240115	-1.1442982352670938	-1.1442982352669233	-1.2439178643532074	-1.1699092625436762	-1.1699053278242246	-1.1699053278241607	-1.169905327824111	-1.1442982352670015	-1.144298235266973
3.0	-2.0920348390535324	-2.0920348390534187	-0.9509544713318974	-0.9509544713317126	-0.900799662969952	-0.9007996629696393	-0.874241146582051	-1.2507005887632872	-1.1726885020536386	-1.1726885020536173	-1.172688502053525	-1.1726790876530018	-1.1456180154807925	-1.1456180154806006	-1.2507005887633156	-1.1726885020536386	-1.1726885020536315	-1.172688502053603	-1.1726790876534423	-1.1456180154807925	-1.1456180154806788
3.2	-2.0948010818705427	-2.094801081870415	-0.9588686759785716	-0.9588686759784082	-0.9037886988630532	-0.903788698862769	-0.8771223963177661	-1.2575088508887262	-1.1754872621456158	-1.1754872621455021	-1.1754872621454382	-1.1754638880088848	-1.1469409707746365	-1.146940970774594	-1.257508850888776	-1.1754872621456514	-1.1754872621455235	-1.1754872621454737	-1.1754638880090766	-1.1469409707747786	-1.1469409707746578
3.4	-2.0975826905016035	-2.097582690501568	-0.9667815753145348	-0.966781575314215	-0.9067958401621468	-0.9067958401619904	-0.8800183603214009	-1.2643424757584896	-1.1783018078146057	-1.178301807814556	-1.1783018078144991	-1.1782639144729572	-1.1482670930368997	-1.1482670930368641	-1.2643424757584398	-1.1783018078146128	-1.1783018078145702	-1.178301807814428	-1.1782639144730283	-1.1482670930369991	-1.1482670930369352
3.6	-2.100379855589921	-2.100379855589871	-0.974692641837926	-0.9746926418376702	-0.9098213132344881	-0.9098213132344313	-0.8829294601289064	-1.2712012948345475	-1.1811323401679488	-1.181132340167899	-1.1811323401677427	-1.1810794102179898	-1.1495963752003817	-1.1495963752003107	-1.2712012948346114	-1.1811323401680198	-1.1811323401678777	-1.1811323401677853	-1.181079410218146	-1.1495963752005238	-1.1495963752003817
3.8	-2.103192770312617	-2.1031927703125106	-0.9826013534791258	-0.9826013534789411	-0.912865346895579	-0.9128653468954155	-0.8858561056592364	-1.278085143963125	-1.1839790619414998	-1.1839790619414785	-1.1839790619413861	-1.1839106128665193	-1.1509288110125624	-1.1509288110125553	-1.2780851439633025	-1.1839790619414643	-1.1839790619414359	-1.1839790619414217	-1.1839106128665762	-1.1509288110124274	-1.150928811012399
4.0	-2.1060216303898827	-2.1060216303898542	-0.9905071933812692	-0.9905071933811556	-0.9159281724731869	-0.9159281724729951	-0.8887986957056384	-1.2849938618403343	-1.186842177679992	-1.1868421776799636	-1.1868421776799138	-1.1867577561191993	-1.1522643948597917	-1.1522643948597562	-1.2849938618405048	-1.186842177680198	-1.1868421776800844	-1.186842177679928	-1.1867577561189435	-1.1522643948599693	-1.1522643948598699
4.2	-2.1088666340924718	-2.1088666340923723	-0.998409649710517	-0.9984096497102186	-0.9190100238408192	-0.9190100238405421	-0.8917576185491214	-1.2919272888502888	-1.189721893873255	-1.1897218938732195	-1.1897218938731768	-1.1896210710069965	-1.1536031216333171	-1.1536031216332319	-1.29192728885036	-1.1897218938732905	-1.1897218938732834	-1.1897218938731484	-1.1896210710068758	-1.15360312163331	-1.1536031216332105
4.4	-2.1117279822479915	-2.1117279822479915	-1.0063082154796774	-1.0063082154796348	-0.9221111374308109	-0.9221111374307185	-0.8947332526629808	-1.2988852661850316	-1.1926184190611195	-1.1926184190610911	-1.192618419060949	-1.1925007868647128	-1.1549449866238888	-1.1549449866238604	-1.2988852661851453	-1.1926184190611337	-1.1926184190611337	-1.1926184190611124	-1.1925007868649402	-1.1549449866239598	-1.1549449866238959
4.6	-2.1146058782446815	-2.114605878244639	-1.0142023883866145	-1.014202388386522	-0.9252317522361224	-0.925231752236094	-0.8977259674767666	-1.3058676351726746	-1.1955319639145756	-1.1955319639144406	-1.1955319639143909	-1.1953971320971135	-1.1562899854403028	-1.156289985440246	-1.305867635172838	-1.1955319639146182	-1.1955319639144975	-1.1955319639143767	-1.195397132097014	-1.1562899854402886	-1.1562899854402033
4.8	-2.1175005280350163	-2.1175005280349737	-1.0220916706592291	-1.0220916706591794	-0.9283721098015221	-0.9283721098015221	-0.9007361241712104	-1.3128742367641806	-1.1984627412967228	-1.1984627412966375	-1.1984627412965736	-1.1983103347813113	-1.157638113943861	-1.157638113943726	-1.3128742367641095	-1.1984627412967228	-1.1984627412966589	-1.1984627412964315	-1.198310334781155	-1.1576381139437188	-1.1576381139436691
5.0	-2.120412140135471	-2.1204121401353646	-1.0299755689053427	-1.0299755689053143	-0.9315324542079964	-0.9315324542078898	-0.9037640764844994	-1.3199049111436665	-1.2014109663097798	-1.2014109663097443	-1.2014109663095383	-1.2012406231505963	-1.1589893681968704	-1.1589893681967567	-1.319904911143496	-1.2014109663097017	-1.2014109663096662	-1.201410966309588	-1.201240623150305	-1.1589893681967425	-1.1589893681966785
5.2	-2.1233409256256692	-2.1233409256256195	-1.0378535939696079	-1.0378535939694444	-0.9347130320506309	-0.934713032050503	-0.9068101715095764	-1.326959497432405	-1.2043768563287927	-1.2043768563287287	-1.2043768563287145	-1.204188225979408	-1.1603437444205795	-1.1603437444205724	-1.3269594974324406	-1.2043768563287074	-1.204376856328679	-1.2043768563286008	-1.2041882259793297	-1.160343744420544	-1.1603437444204516
5.4	-2.126287098145916	-2.126287098145845	-1.045725260793084	-1.0457252607929846	-0.9379140924130382	-0.9379140924130311	-0.90987475047055	-1.334037833469388	-1.2073606310255514	-1.2073606310254803	-1.207360631025388	-1.2071533728954549	-1.1617012389618466	-1.1617012389618253	-1.3340378334694591	-1.2073606310255656	-1.2073606310254306	-1.207360631025388	-1.2071533728953199	-1.1617012389617827	-1.1617012389617472
5.6	-2.1292508738905624	-2.129250873890463	-1.0535900882805862	-1.053590088280302	-0.9411358868334148	-0.9411358868332513	-0.9129581494655454	-1.3411397556475606	-1.2103625123836892	-1.2103625123836395	-1.2103625123836181	-1.2101362946289456	-1.1630618482644124	-1.16306184826432	-1.341139755647525	-1.2103625123836323	-1.2103625123835187	-1.2103625123834476	-1.2101362946293008	-1.1630618482642774	-1.163061848264249
5.8	-2.132232471601469	-2.132232471601391	-1.0614475991670034	-1.0614475991668755	-0.9443786692684526	-0.9443786692681542	-0.9160607001713075	-1.3482650987989615	-1.213382724706804	-1.2133827247067757	-1.2133827247066833	-1.2131372232166768	-1.1644255688470082	-1.1644255688469087	-1.3482650987986844	-1.2133827247067686	-1.2133827247066975	-1.2133827247066833	-1.2131372232165134	-1.1644255688470224	-1.164425568846994
