0.0	0	1	2	3	4	5	6	0	1	2	3	4	5	6	0	1	2	3	4	5	6
0.2	0	1	2	3	4	5	6	0	1	2	3	4	5	6	0	1	2	3	4	5	6
0.4	0	1	2	3	4	5	6	0	1	2	3	4	5	6	0	1	2	3	4	5	6
0.6	0	1	2	3	4	5	6	0	1	2	3	4	5	6	0	1	2	3	4	5	6
0.8	0	1	2	3	4	5	6	0	1	2	3	4	5	6	0	1	2	3	4	5	6
1.0	0	1	2	3	4	5	6	0	1	2	3	4	5	6	0	1	2	3	4	5	6
1.2	0	1	2	3	4	5	6	0	1	2	3	4	5	6	0	1	2	3	4	5	6
1.4	0	1	2	3	4	5	6	0	1	2	3	4	5	6	0	1	2	3	4	5	6
1.6	0	1	2	3	4	5	6	0	1	2	3	4	5	6	0	1	2	3	4	5	6
1.8	0	1	2	3	4	5	6	0	1	2	3	4	5	6	0	1	2	3	4	5	6
2.0	0	1	2	3	4	5	6	0	1	2	3	4	5	6	0	1	2	3	4	5	6
2.2	0	1	2	3	4	5	6	0	1	2	3	4	5	6	0	1	2	3	4	5	6
2.4	0	1	2	3	4	5	6	0	1	2	3	4	5	6	0	1	2	3	4	5	6
2.6	0	1	2	3	4	5	6	0	1	2	3	4	5	6	0	1	2	3	4	5	6
2.8	0	1	2	3	4	5	6	0	1	2	3	4	5	6	0	1	2	3	4	5	6
3.0	0	1	2	3	4	5	6	0	1	2	3	4	5	6	0	1	2	3	4	5	6
3.2	0	1	2	3	4	5	6	0	1	2	3	4	5	6	0	1	2	3	4	5	6
3.4	0	1	2	3	4	5	6	0	1	2	3	4	5	6	0	1	2	3	4	5	6
3.6	0	1	2	3	4	5	6	0	1	2	3	4	5	6	0	1	2	3	4	5	6
3.8	0	1	2	3	4	5	6	0	1	2	3	4	5	6	0	1	2	3	4	5	6
4.0	0	1	2	3	4	5	6	0	1	2	3	4	5	6	0	1	2	3	4	5	6
4.2	0	1	2	3	4	5	6	0	1	2	3	4	5	6	0	1	2	3	4	5	6
4.4	0	1	2	3	4	5	6	0	1	2	3	4	5	6	0	1	2	3	4	5	6
4.6	0	1	2	3	4	5	6	0	1	2	3	4	5	6	0	1	2	3	4	5	6
4.8	0	1	2	3	4	5	6	0	1	2	3	4	5	6	0	1	2	3	4	5	6
5.0	0	1	2	3	4	5	6	0	1	2	3	4	5	6	0	1	2	3	4	5	6
5.2	0	1	2	3	4	5	6	0	1	2	3	4	5	6	0	1	2	3	4	5	6
5.4	0	1	2	3	4	5	6	0	1	2	3	4	5	6	0	1	2	3	4	5	6
5.6	0	1	2	3	4	5	6	0	1	2	3	4	5	6	0	1	2	3	4	5	6
5.8	0	1	2	3	4	5	6	0	1	2	3	4	5	6	0	1	2	3	4	5	6
