0.0	5	5	5	5	5	5	5	6	6	6	6	6	6	6	4	4	4	4	4	4	4
0.2	5	5	5	5	5	5	5	6	6	6	6	6	6	6	4	4	4	4	4	4	4
0.4	5	5	5	5	5	5	5	6	6	6	6	6	6	6	4	4	4	4	4	4	4
0.6	5	5	5	5	5	5	5	6	6	6	6	6	6	6	4	4	4	4	4	4	4
0.8	5	5	5	5	5	5	5	6	6	6	6	6	6	6	4	4	4	4	4	4	4
1.0	5	5	5	5	5	5	5	6	6	6	6	6	6	6	4	4	4	4	4	4	4
1.2	5	5	5	5	5	5	5	6	6	6	6	6	6	6	4	4	4	4	4	4	4
1.4	5	5	5	5	5	5	5	6	6	6	6	6	6	6	4	4	4	4	4	4	4
1.6	5	5	5	5	5	5	5	6	6	6	6	6	6	6	4	4	4	4	4	4	4
1.8	5	5	5	5	5	5	5	6	6	6	6	6	6	6	4	4	4	4	4	4	4
2.0	5	5	5	5	5	5	5	6	6	6	6	6	6	6	4	4	4	4	4	4	4
2.2	5	5	5	5	5	5	5	6	6	6	6	6	6	6	4	4	4	4	4	4	4
2.4	5	5	5	5	5	5	5	6	6	6	6	6	6	6	4	4	4	4	4	4	4
2.6	5	5	5	5	5	5	5	6	6	6	6	6	6	6	4	4	4	4	4	4	4
2.8	5	5	5	5	5	5	5	6	6	6	6	6	6	6	4	4	4	4	4	4	4
3.0	5	5	5	5	5	5	5	6	6	6	6	6	6	6	4	4	4	4	4	4	4
3.2	5	5	5	5	5	5	5	6	6	6	6	6	6	6	4	4	4	4	4	4	4
3.4	5	5	5	5	5	5	5	6	6	6	6	6	6	6	4	4	4	4	4	4	4
3.6	5	5	5	5	5	5	5	6	6	6	6	6	6	6	4	4	4	4	4	4	4
3.8	5	5	5	5	5	5	5	6	6	6	6	6	6	6	4	4	4	4	4	4	4
4.0	5	5	5	5	5	5	5	6	6	6	6	6	6	6	4	4	4	4	4	4	4
4.2	5	5	5	5	5	5	5	6	6	6	6	6	6	6	4	4	4	4	4	4	4
4.4	5	5	5	5	5	5	5	6	6	6	6	6	6	6	4	4	4	4	4	4	4
4.6	5	5	5	5	5	5	5	6	6	6	6	6	6	6	4	4	4	4	4	4	4
4.8	5	5	5	5	5	5	5	6	6	6	6	6	6	6	4	4	4	4	4	4	4
5.0	5	5	5	5	5	5	5	6	6	6	6	6	6	6	4	4	4	4	4	4	4
5.2	5	5	5	5	5	5	5	6	6	6	6	6	6	6	4	4	4	4	4	4	4
5.4	5	5	5	5	5	5	5	6	6	6	6	6	6	6	4	4	4	4	4	4	4
5.6	5	5	5	5	5	5	5	6	6	6	6	6	6	6	4	4	4	4	4	4	4
5.8	5	5	5	5	5	5	5	6	6	6	6	6	6	6	4	4	4	4	4	4	4
