0.0	0	1	2	3	4	5	6	0	1	2	3	4	5	6	0	1	2	3	4	5	6
0.3	0	1	2	3	4	5	6	0	1	2	3	4	5	6	0	1	2	3	4	5	6
0.6	0	1	2	3	4	5	6	0	1	2	3	4	5	6	0	1	2	3	4	5	6
0.9	0	1	2	3	4	5	6	0	1	2	3	4	5	6	0	1	2	3	4	5	6
1.2	0	1	2	3	4	5	6	0	1	2	3	4	5	6	0	1	2	3	4	5	6
1.5	0	1	2	3	4	5	6	0	1	2	3	4	5	6	0	1	2	3	4	5	6
1.8	0	1	2	3	4	5	6	0	1	2	3	4	5	6	0	1	2	3	4	5	6
2.1	0	1	2	3	4	5	6	0	1	2	3	4	5	6	0	1	2	3	4	5	6
2.4	0	1	2	3	4	5	6	0	1	2	3	4	5	6	0	1	2	3	4	5	6
2.7	0	1	2	3	4	5	6	0	1	2	3	4	5	6	0	1	2	3	4	5	6
3.0	0	1	2	3	4	5	6	0	1	2	3	4	5	6	0	1	2	3	4	5	6
3.3	0	1	2	3	4	5	6	0	1	2	3	4	5	6	0	1	2	3	4	5	6
3.6	0	1	2	3	4	5	6	0	1	2	3	4	5	6	0	1	2	3	4	5	6
3.9	0	1	2	3	4	5	6	0	1	2	3	4	5	6	0	1	2	3	4	5	6
4.2	0	1	2	3	4	5	6	0	1	2	3	4	5	6	0	1	2	3	4	5	6
4.5	0	1	2	3	4	5	6	0	1	2	3	4	5	6	0	1	2	3	4	5	6
4.8	0	1	2	3	4	5	6	0	1	2	3	4	5	6	0	1	2	3	4	5	6
5.1	0	1	2	3	4	5	6	0	1	2	3	4	5	6	0	1	2	3	4	5	6
5.4	0	1	2	3	4	5	6	0	1	2	3	4	5	6	0	1	2	3	4	5	6
5.7	0	1	2	3	4	5	6	0	1	2	3	4	5	6	0	1	2	3	4	5	6
