0.0	5	5	5	5	5	5	5	6	6	6	6	6	6	6	4	4	4	4	4	4	4
0.3	5	5	5	5	5	5	5	6	6	6	6	6	6	6	4	4	4	4	4	4	4
0.6	5	5	5	5	5	5	5	6	6	6	6	6	6	6	4	4	4	4	4	4	4
0.9	5	5	5	5	5	5	5	6	6	6	6	6	6	6	4	4	4	4	4	4	4
1.2	5	5	5	5	5	5	5	6	6	6	6	6	6	6	4	4	4	4	4	4	4
1.5	5	5	5	5	5	5	5	6	6	6	6	6	6	6	4	4	4	4	4	4	4
1.8	5	5	5	5	5	5	5	6	6	6	6	6	6	6	4	4	4	4	4	4	4
2.1	5	5	5	5	5	5	5	6	6	6	6	6	6	6	4	4	4	4	4	4	4
2.4	5	5	5	5	5	5	5	6	6	6	6	6	6	6	4	4	4	4	4	4	4
2.7	5	5	5	5	5	5	5	6	6	6	6	6	6	6	4	4	4	4	4	4	4
3.0	5	5	5	5	5	5	5	6	6	6	6	6	6	6	4	4	4	4	4	4	4
3.3	5	5	5	5	5	5	5	6	6	6	6	6	6	6	4	4	4	4	4	4	4
3.6	5	5	5	5	5	5	5	6	6	6	6	6	6	6	4	4	4	4	4	4	4
3.9	5	5	5	5	5	5	5	6	6	6	6	6	6	6	4	4	4	4	4	4	4
4.2	5	5	5	5	5	5	5	6	6	6	6	6	6	6	4	4	4	4	4	4	4
4.5	5	5	5	5	5	5	5	6	6	6	6	6	6	6	4	4	4	4	4	4	4
4.8	5	5	5	5	5	5	5	6	6	6	6	6	6	6	4	4	4	4	4	4	4
5.1	5	5	5	5	5	5	5	6	6	6	6	6	6	6	4	4	4	4	4	4	4
5.4	5	5	5	5	5	5	5	6	6	6	6	6	6	6	4	4	4	4	4	4	4
5.7	5	5	5	5	5	5	5	6	6	6	6	6	6	6	4	4	4	4	4	4	4
