0.0	-2.162748957445869	-2.1627489574458503	-1.1781701603814874	-1.178170160381459	-0.9452060567977609	-0.9452060567977396	-0.9429450547273266	-1.6433846638495728	-1.442945054727315	-1.4429450547273106	-1.4429450547273062	-1.4429450547272928	-1.3803149101391181	-1.3803149101391075	-1.6433846638495844	-1.4429450547273301	-1.4429450547273133	-1.4429450547273115	-1.4429450547272982	-1.3803149101391181	-1.380314910139112
0.2	-2.1904751160522355	-2.1904751160522196	-1.2199536777420619	-1.2199536777420619	-1.0878613201256568	-1.0878613201256488	-1.052789999441904	-1.7041629646633796	-1.473885525763647	-1.4728274008805196	-1.4728274008804982	-1.472827400880484	-1.391997658032694	-1.391997658032678	-1.7041629646633716	-1.4738855257636283	-1.4728274008805142	-1.472827400880509	-1.4728274008805045	-1.391997658032679	-1.391997658032671
0.4	-2.2193600677419543	-2.2193600677419454	-1.262892672027549	-1.2628926720275349	-1.1783893267038712	-1.1783893267038534	-1.1236307464536726	-1.7654551000832504	-1.505741798095241	-1.503780431116045	-1.5037804311160414	-1.5037804311160308	-1.4040930875663706	-1.40409308756636	-1.7654551000832237	-1.5057417980952392	-1.5037804311160503	-1.503780431116037	-1.5037804311160352	-1.404093087566391	-1.4040930875663893
0.6	-2.2494573079729214	-2.2494573079729108	-1.3074051373783977	-1.307405137378387	-1.2567900205047406	-1.2567900205047353	-1.1882795119953178	-1.8270204224262194	-1.5386675339548885	-1.5359339876449498	-1.5359339876449498	-1.5359339876449276	-1.416508850961053	-1.4165088509610486	-1.8270204224262248	-1.5386675339548797	-1.5359339876449454	-1.5359339876449445	-1.5359339876449312	-1.4165088509610557	-1.4165088509610486
0.8	-2.280812054319087	-2.2808120543190764	-1.3557501459189325	-1.3557501459189156	-1.3253683253784088	-1.3253683253784088	-1.2502525494633172	-1.8886770247952125	-1.5727569290459096	-1.5693600858971264	-1.5693600858971237	-1.5693600858971166	-1.429196529815158	-1.429196529815151	-1.8886770247952223	-1.572756929045914	-1.569360085897129	-1.5693600858971264	-1.569360085897121	-1.4291965298152034	-1.4291965298151492
1.0	-2.313458448011783	-2.313458448011758	-1.412976812971083	-1.4129768129710687	-1.380713413684588	-1.380713413684581	-1.3107853612344282	-1.9502827544155608	-1.608061966151678	-1.6040949581043211	-1.6040949581043051	-1.6040949581042971	-1.4421270595569133	-1.4421270595569124	-1.9502827544155465	-1.6080619661516655	-1.604094958104323	-1.6040949581043016	-1.6040949581042945	-1.442127059556909	-1.4421270595569045
1.2	-2.3474168972647043	-2.3474168972646883	-1.475245611414759	-1.475245611414743	-1.427431122356861	-1.4274311223568414	-1.370425394614733	-2.011724649599424	-1.6446012052292867	-1.6401466894219627	-1.6401466894219485	-1.6401466894219396	-1.4552813125951394	-1.4552813125951358	-2.011724649599441	-1.6446012052293106	-1.6401466894219636	-1.6401466894219405	-1.640146689421937	-1.4552813125951891	-1.455281312595159
1.4	-2.382691839532537	-2.382691839532537	-1.5370526368695518	-1.5370526368695332	-1.4714416929601546	-1.471441692960144	-1.4294379129291208	-2.0729124125419105	-1.6823649889508205	-1.6774985878998967	-1.6774985878998674	-1.6774985878998674	-1.468646001988116	-1.4686460019880947	-2.0729124125419576	-1.682364988950849	-1.6774985878998754	-1.677498587899871	-1.67749858789987	-1.4686460019880982	-1.4686460019880876
1.6	-2.4192702012517167	-2.4192702012517096	-1.5972548182076665	-1.5972548182076425	-1.5141446714388707	-1.5141446714388387	-1.4879540304178374	-2.1337739465388896	-1.721319370054605	-1.7161115697926945	-1.7161115697926927	-1.7161115697926848	-1.482211830467441	-1.4822118304674348	-2.1337739465388887	-1.7213193700546148	-1.7161115697927194	-1.7161115697927052	-1.7161115697926865	-1.482211830467448	-1.482211830467432
1.8	-2.457120783312993	-2.457120783312961	-1.6558191599772556	-1.6558191599772512	-1.5557535338023776	-1.555753533802351	-1.5460360806170232	-2.194252043707041	-1.7614098112750733	-1.755926746752758	-1.7559267467527535	-1.7559267467527535	-1.495972771854369	-1.4959727718543423	-2.1942520437070536	-1.761409811275037	-1.7559267467527429	-1.7559267467527295	-1.7559267467527109	-1.4959727718543459	-1.4959727718543334
2.0	-2.4961947000215297	-2.4961947000214852	-1.71292420425039	-1.7129242042503625	-1.6037099881503734	-1.6037099881503503	-1.5962354231372586	-2.2543017830736822	-1.8025650410582719	-1.796868566319688	-1.7968685663196808	-1.796868566319679	-1.5099260810793114	-1.509926081079306	-2.254301783073691	-1.8025650410582656	-1.7968685663196844	-1.7968685663196782	-1.7968685663196524	-1.5099260810793025	-1.5099260810792785
2.2	-2.5364268656497853	-2.536426865649773	-1.768782464391685	-1.7687824643916432	-1.6609824612025754	-1.6609824612025506	-1.6355098860788182	-2.313888415498049	-1.84470108226673	-1.8388484571168267	-1.8388484571168267	-1.8388484571168107	-1.5240729667381174	-1.5240729667380837	-2.313888415498049	-1.8447010822667531	-1.838848457116824	-1.8388484571168204	-1.8388484571168071	-1.5240729667381139	-1.5240729667381085
2.4	-2.5777383847959765	-2.5777383847959587	-1.823594893509318	-1.8235948935093154	-1.7178504975116908	-1.7178504975116544	-1.6735051068486886	-2.372985612654949	-1.8877252888410903	-1.8817687381739736	-1.8817687381739692	-1.8817687381739523	-1.5384201222871292	-1.5384201222871203	-2.372985612654926	-1.8877252888411142	-1.881768738173971	-1.881768738173954	-1.8817687381739416	-1.5384201222871265	-1.5384201222871265
2.6	-2.6200395921287374	-2.620039592128707	-1.8775366138251393	-1.8775366138251268	-1.7743067367616518	-1.7743067367616456	-1.7101770790098012	-2.431574005220183	-1.9315401667160614	-1.925526490370336	-1.925526490370335	-1.9255264903703306	-1.5529826778006672	-1.552982677800653	-2.431574005220183	-1.9315401667160863	-1.925526490370367	-1.9255264903703475	-1.9255264903703422	-1.552982677800685	-1.5529826778006548
2.8	-2.663233426923517	-2.663233426923494	-1.9307528169454269	-1.930752816945425	-1.8303424702914501	-1.8303424702914013	-1.7455153959115028	-2.489639959051164	-1.9760467766154521	-1.9700171137659606	-1.9700171137659552	-1.9700171137659508	-1.5677898663532819	-1.5677898663532766	-2.489639959051164	-1.976046776615438	-1.9700171137659517	-1.9700171137659455	-1.970017113765941	-1.5677898663532703	-1.5677898663532694
3.0	-2.707218825716115	-2.707218825716085	-1.9833591868035638	-1.9833591868035594	-1.8859492943162222	-1.885949294316183	-1.7795429061949246	-2.547174550695569	-2.021147580340764	-2.0151373703361353	-2.015137370336121	-2.0151373703361184	-1.582896436168653	-1.5828964361686344	-2.5471745506955763	-2.021147580340773	-2.0151373703361344	-2.0151373703361264	-2.015137370336122	-1.5828964361686273	-1.5828964361686184
3.2	-2.7518938639654813	-2.7518938639654706	-2.0354446984773604	-2.035444698477301	-1.9411199673297421	-1.9411199673296995	-1.812312443626289	-2.6041727109971013	-2.066748668590175	-2.060787804558725	-2.060787804558725	-2.0607878045587222	-1.5984074543652786	-1.5984074543652733	-2.604172710997105	-2.06674866859018	-2.0607878045587293	-2.0607878045587196	-2.0607878045587187	-1.5984074543652795	-1.5984074543652733
3.4	-2.797158455771486	-2.7971584557714717	-2.087075578327795	-2.0870755783277906	-1.9958488000075425	-1.995848800007523	-1.8439025948462016	-2.6606325106300623	-2.1127613766352953	-2.1068745200827586	-2.106874520082754	-2.1068745200827355	-1.614537785398145	-1.6145377853981406	-2.66063251063008	-2.11276137663533	-2.1068745200827745	-2.1068745200827363	-2.1068745200827363	-1.6145377853981584	-1.6145377853981442
3.6	-2.8429165077501377	-2.8429165077501217	-2.1382995989009013	-2.138299598900894	-2.05013177358272	-2.05013177358272	-1.8744139053274944	-2.716554565284799	-2.1591033438849347	-2.153310355651075	-2.153310355651052	-2.1533103556510422	-1.6317719481618536	-1.631771948161851	-2.7165545652848024	-2.1591033438849294	-2.1533103556510556	-2.153310355651043	-2.1533103556510422	-1.6317719481618456	-1.631771948161835
3.8	-2.8890775014976438	-2.8890775014976313	-2.189150166337054	-2.1891501663370283	-2.103966504914565	-2.1039665049145295	-1.9039665794446874	-2.7719415414615582	-2.205699102175455	-2.200015543497484	-2.2000155434974733	-2.20001554349745	-1.651334443633571	-1.6513344436335569	-2.771941541461544	-2.205699102175478	-2.2000155434975	-2.2000155434974573	-2.2000155434974484	-1.651334443633571	-1.6513344436335453
