0.0	-2.1582386030469003	-2.158238603046872	-1.1663902125325603	-1.1663902125325532	-0.940519198559274	-0.9405191985592545	-0.9384347003283544	-1.4399965233552958	-1.238434700328309	-1.2384347003283054	-1.2384347003282965	-1.2384347003282912	-1.182668974665706	-1.18266897466569	-1.4399965233553136	-1.2384347003283214	-1.2384347003283178	-1.238434700328309	-1.2384347003282716	-1.1826689746657006	-1.1826689746656989
0.2	-2.1835527716331153	-2.1835527716331065	-1.1987356097951753	-1.1987356097951558	-1.032317634737101	-1.0323176347370708	-0.9832747372372737	-1.4999985268194322	-1.2687584315884752	-1.2687584315884575	-1.2687584315884468	-1.2654982194345603	-1.193221110084501	-1.1932211100844974	-1.4999985268194784	-1.2687584315884628	-1.2687584315884592	-1.2687584315884575	-1.2654982194345727	-1.193221110084533	-1.1932211100845294
0.4	-2.2098592737033265	-2.209859273703316	-1.232269343672833	-1.2322693436728116	-1.1166159296830358	-1.1166159296830216	-1.027300412534176	-1.5602829461046337	-1.299573655916836	-1.299573655916836	-1.2995736559168218	-1.2934212928606108	-1.2047060002578434	-1.2047060002578132	-1.560282946104623	-1.2995736559168432	-1.299573655916804	-1.2995736559167828	-1.293421292860602	-1.2047060002578132	-1.2047060002578096
0.6	-2.2372158386882504	-2.237215838688245	-1.2675738574075748	-1.267573857407566	-1.1935015505769275	-1.1935015505768938	-1.0716147176623068	-1.6206789740605299	-1.3312446195451741	-1.3312446195451653	-1.33124461954516	-1.322346553797713	-1.216793840120829	-1.216793840120804	-1.6206789740605263	-1.331244619545176	-1.3312446195451635	-1.3312446195451173	-1.3223465537977273	-1.2167938401208183	-1.2167938401208165
0.8	-2.2656773817153386	-2.2656773817153386	-1.306899359066886	-1.3068993590668487	-1.2620532514932812	-1.2620532514932794	-1.1163085098661263	-1.681057449221072	-1.3639431264903585	-1.3639431264903354	-1.3639431264903124	-1.3523785728118956	-1.2293357968984875	-1.2293357968984608	-1.6810574492210524	-1.3639431264903337	-1.363943126490332	-1.363943126490316	-1.352378572811924	-1.2293357968984733	-1.2293357968984502
1.0	-2.295293825769024	-2.2952938257690043	-1.356676974596347	-1.3566769745963274	-1.316586912298769	-1.3165869122987548	-1.1614391156409845	-1.7413163601811679	-1.3977592695386214	-1.3977592695385965	-1.3977592695385717	-1.3835957668499912	-1.2422512061894615	-1.2422512061894562	-1.7413163601811625	-1.3977592695386107	-1.397759269538593	-1.3977592695385859	-1.3835957668500072	-1.2422512061894881	-1.2422512061894828
1.2	-2.3261076756627457	-2.326107675662712	-1.416009347510629	-1.4160093475105917	-1.358461582062331	-1.3584615820623274	-1.2070310656503356	-1.801373363174326	-1.4327362733072668	-1.4327362733072064	-1.4327362733071993	-1.4160546647225054	-1.2554912120032835	-1.2554912120032604	-1.8013733631742763	-1.4327362733072277	-1.43273627330721	-1.4327362733071745	-1.4160546647224699	-1.2554912120032817	-1.2554912120032693
1.4	-2.358151486895835	-2.3581514868958227	-1.4764674187814428	-1.4764674187814375	-1.3964125467356574	-1.396412546735652	-1.253082547204464	-1.861161425707225	-1.4688844038018054	-1.4688844038017965	-1.468884403801729	-1.4497908356798295	-1.2690241397902824	-1.269024139790277	-1.861161425707225	-1.4688844038018214	-1.4688844038018054	-1.468884403801768	-1.4497908356798188	-1.269024139790293	-1.2690241397902664
1.6	-2.3914454301847154	-2.391445430184687	-1.535248821279044	-1.535248821279021	-1.4334588536784292	-1.4334588536784043	-1.2995715933954362	-1.9206259685746776	-1.5061878830799795	-1.5061878830799778	-1.5061878830799476	-1.4848185718546443	-1.2828288498782232	-1.282828849878209	-1.9206259685747078	-1.506187883079967	-1.5061878830799547	-1.5061878830799493	-1.4848185718546194	-1.282828849878216	-1.2828288498781895
1.8	-2.4259951932718202	-2.4259951932718202	-1.5918265419934965	-1.5918265419934574	-1.4702919242296968	-1.470291924229679	-1.3464615791884622	-1.9797227876607923	-1.544609383024028	-1.5446093830240262	-1.5446093830239978	-1.5211304890978923	-1.2968915976961366	-1.2968915976961277	-1.979722787660803	-1.5446093830240244	-1.5446093830240208	-1.5446093830240137	-1.521130489097862	-1.2968915976961153	-1.2968915976961135
2.0	-2.4617904699075854	-2.461790469907564	-1.6461779035158468	-1.6461779035158361	-1.5070692761615199	-1.5070692761614808	-1.3937059681339523	-2.038416424333244	-1.5840937900159098	-1.584093790015892	-1.5840937900158796	-1.5586977338344017	-1.311204721537882	-1.3112047215378624	-2.0384164243332688	-1.584093790015915	-1.5840937900158956	-1.5840937900158778	-1.5586977338344212	-1.3112047215378837	-1.3112047215378642
2.2	-2.4988042503749615	-2.4988042503749526	-1.698420510738309	-1.6984205107382842	-1.5437929547406828	-1.5437929547406721	-1.4412522873381821	-2.096678825198092	-1.6245718375013976	-1.6245718375013656	-1.6245718375013514	-1.597471155537038	-1.3257665200991156	-1.325766520099112	-2.0966788251981665	-1.624571837501387	-1.6245718375013798	-1.6245718375013762	-1.5974711555371108	-1.3257665200990978	-1.3257665200990782
2.4	-2.5369930473547004	-2.5369930473546685	-1.7487226845121384	-1.748722684512133	-1.5804081898399982	-1.5804081898399769	-1.4890453347930386	-2.1544882103477523	-1.6659637288033426	-1.6659637288033355	-1.665963728803323	-1.6373835309513005	-1.3405821820066848	-1.340582182006676	-2.15448821034777	-1.6659637288033213	-1.6659637288033213	-1.6659637288032894	-1.637383530951352	-1.3405821820066919	-1.340582182006651
2.6	-2.5762980773012814	-2.576298077301228	-1.7972753160793484	-1.7972753160793467	-1.6168369973120829	-1.6168369973120633	-1.5370296587161185	-2.2118281055073563	-1.708182666027188	-1.708182666027179	-1.7081826660271773	-1.6783526989968074	-1.3556659962213864	-1.3556659962213686	-2.2118281055073368	-1.7081826660271915	-1.708182666027188	-1.7081826660271435	-1.6783526989967719	-1.3556659962213988	-1.3556659962213722
2.8	-2.6166472941516083	-2.6166472941515924	-1.844280083413457	-1.8442800834134374	-1.65299282510194	-1.6529928251019115	-1.5851513810577433	-2.268686510481805	-1.7511381330673643	-1.7511381330673537	-1.751138133067343	-1.720285305525957	-1.3710455276631137	-1.3710455276630977	-2.268686510481805	-1.7511381330673714	-1.7511381330673679	-1.7511381330673537	-1.7202853055259233	-1.3710455276631013	-1.3710455276630817
3.0	-2.657958066751508	-2.657958066751471	-1.889942339958914	-1.889942339958905	-1.6887887020379306	-1.6887887020379093	-1.6333594587336329	-2.3250551844424887	-1.7947387891970514	-1.794738789197039	-1.7947387891970248	-1.7630807829024437	-1.386769247059009	-1.386769247058993	-2.325055184442478	-1.7947387891970354	-1.7947387891970283	-1.7947387891970283	-1.763080782902465	-1.3867692470590143	-1.3867692470590054
3.2	-2.7001402264380996	-2.7001402264380623	-1.9344653081993446	-1.934465308199318	-1.7241428858610863	-1.7241428858610615	-1.6816064846186904	-2.3809290327060584	-1.8388948756911905	-1.8388948756911496	-1.8388948756911478	-1.8066351997082801	-1.4029207697400512	-1.4029207697400494	-2.380929032706014	-1.838894875691171	-1.8388948756911692	-1.8388948756911283	-1.8066351997082926	-1.4029207697400619	-1.4029207697400423
3.4	-2.743099196988865	-2.7430991969888563	-1.9780447125402851	-1.9780447125402727	-1.758983404238677	-1.7589834042386272	-1.729849127968647	-2.436305581988689	-1.8835200949705797	-1.8835200949705797	-1.883520094970578	-1.8508446899725062	-1.419646569444481	-1.4196465694444775	-2.436305581988682	-1.8835200949705992	-1.8835200949705868	-1.883520094970562	-1.8508446899725541	-1.4196465694444829	-1.4196465694444704
3.6	-2.7867389515476724	-2.786738951547642	-2.020863837896094	-2.020863837896048	-1.7932519306995474	-1.7932519306995331	-1.7780483042673847	-2.4911845326854216	-1.9285329732583367	-1.9285329732583119	-1.9285329732583012	-1.8956082776684617	-1.437212533485157	-1.4372125334851535	-2.4911845326854305	-1.928532973258351	-1.9285329732583456	-1.928532973258303	-1.8956082776685133	-1.4372125334851713	-1.4372125334851482
3.8	-2.830964605344519	-2.830964605344496	-2.063089285871593	-2.0630892858715715	-1.826907046094826	-1.8269070460947834	-1.8261691510445068	-2.54556737797345	-1.9738577554676429	-1.973857755467625	-1.9738577554676162	-1.9408300204575202	-1.456123010545582	-1.4561230105455625	-2.545567377973457	-1.9738577554676429	-1.973857755467641	-1.973857755467602	-1.9408300204574687	-1.456123010545566	-1.4561230105455483
4.0	-2.875684530081502	-2.875684530081493	-2.104867744870935	-2.104867744870919	-1.874180871690763	-1.8741808716907276	-1.8599267872752385	-2.5994570806476336	-2.0194249030590843	-2.0194249030590647	-2.019424903059045	-1.9864204856314611	-1.4773598669526038	-1.4773598669525914	-2.5994570806476514	-2.019424903059111	-2.0194249030590914	-2.019424903059072	-1.9864204856314593	-1.4773598669526269	-1.4773598669526127
4.2	-2.920811948959022	-2.9208119489590203	-2.1463240096357445	-2.146324009635727	-1.9220564955100894	-1.9220564955100876	-1.8923103723848094	-2.6528577996269664	-2.0651712738538492	-2.0651712738538386	-2.065171273853803	-2.032297631425868	-1.5027094756809802	-1.5027094756809376	-2.6528577996269807	-2.0651712738538546	-2.065171273853819	-2.0651712738538173	-2.0322976314258536	-1.5027094756809714	-1.502709475680966
4.4	-2.9662660295298053	-2.9662660295298053	-2.1875603386163203	-2.1875603386163007	-1.969772590157854	-1.9697725901578256	-1.9240790637560146	-2.705774659034171	-2.1110400609311846	-2.1110400609311792	-2.111040060931158	-2.078387198437003	-1.5344507416052267	-1.5344507416052249	-2.7057746590341516	-2.11104006093119	-2.111040060931167	-2.111040060931165	-2.078387198436971	-1.5344507416052267	-1.534450741605209
4.6	-3.0119725304949387	-3.0119725304949245	-2.2286570713237843	-2.228657071323763	-2.017308952596439	-2.0173089525964336	-1.9552762379176674	-2.758213553644536	-2.1569805596322027	-2.1569805596321956	-2.1569805596321814	-2.124622724468809	-1.5783450888753237	-1.5732665286462044	-2.7582135536445627	-2.1569805596322045	-2.1569805596322027	-2.1569805596321583	-2.124622724468818	-1.5783450888753148	-1.5732665286461867
4.8	-3.0578640789761646	-3.0578640789761558	-2.2696742847017255	-2.2696742847017184	-2.0646482967499953	-2.0646482967499846	-1.9859668297345472	-2.8101809853170874	-2.202947820574348	-2.2029478205743374	-2.2029478205743214	-2.1709452893517494	-1.6281502750186192	-1.61722469025187	-2.8101809853170874	-2.2029478205743285	-2.2029478205743285	-2.202947820574316	-2.1709452893517565	-1.6281502750186014	-1.617224690251895
5.0	-3.1038801604374413	-3.103880160437388	-2.3106541781161347	-2.3106541781161027	-2.111775949948509	-2.111775949948493	-2.0162363634685523	-2.8616839257566458	-2.248902234770986	-2.248902234770977	-2.2489022347709717	-2.217303081111801	-1.6777015288181207	-1.6639669319075914	-2.86168392575666	-2.2489022347709966	-2.2489022347709877	-2.248902234770968	-2.2173030811118615	-1.6777015288181705	-1.6639669319075807
5.2	-3.149966899000896	-3.1499668990008356	-2.3516238521873376	-2.3516238521872896	-2.1586795657295834	-2.1586795657295816	-2.046189753069651	-2.9127297016112106	-2.294809085886106	-2.2948090858860866	-2.294809085886067	-2.2636508566366267	-1.7269828095704636	-1.7120196666826963	-2.9127297016112497	-2.2948090858860812	-2.294809085886074	-2.2948090858860617	-2.263650856636616	-1.7269828095704671	-1.7120196666826875
5.4	-3.1960766957708344	-3.1960766957708344	-2.3925981792305837	-2.3925981792305073	-2.205348857298006	-2.205348857298004	-2.0759499414296236	-2.9633258984851043	-2.3406380950751497	-2.340638095075139	-2.34063809507513	-2.309949352090687	-1.7759806227784338	-1.7606188740147832	-2.9633258984850794	-2.340638095075141	-2.340638095075132	-2.3406380950751284	-2.309949352090692	-1.775980622778457	-1.7606188740147921
5.6	-3.24216778031904	-3.242167780319024	-2.433582531831769	-2.433582531831753	-2.251775353653972	-2.251775353653942	-2.1056562637763907	-3.0134802809511854	-2.3863629760267244	-2.3863629760267244	-2.3863629760267138	-2.3561646826097835	-1.8246839187597512	-1.8093717532938065	-3.013480280951187	-2.386362976026744	-2.386362976026744	-2.3863629760267333	-2.3561646826097817	-1.8246839187597352	-1.8093717532938083
5.8	-3.2882037179643238	-3.288203717964315	-2.4745752175597318	-2.47457521755973	-2.2979521788465753	-2.297952178846554	-2.1354621892059686	-3.0632007260811154	-2.4319610116871058	-2.431961011687079	-2.4319610116870756	-2.402267757966724	-1.8730839040000333	-1.858067555379387	-3.063200726081126	-2.43196101168712	-2.4319610116871093	-2.4319610116870916	-2.40226775796674	-1.873083904000067	-1.8580675553793853
