0.0	5	5	5	5	5	5	5	6	6	6	6	6	6	6	4	4	4	4	4	4	4
0.2	5	5	5	5	5	5	5	6	6	6	6	6	6	6	4	4	4	4	4	4	4
0.4	5	5	5	5	5	5	5	6	6	6	6	6	6	6	4	4	4	4	4	4	4
0.6	5	5	5	5	5	5	5	6	6	6	6	6	6	6	4	4	4	4	4	4	4
0.8	5	5	5	5	5	5	5	6	6	6	6	6	6	6	4	4	4	4	4	4	4
1.0	5	5	5	5	5	5	5	6	6	6	6	6	6	6	4	4	4	4	4	4	4
1.2	5	5	5	5	5	5	5	6	6	6	6	6	6	6	4	4	4	4	4	4	4
1.4	5	5	5	5	5	5	5	6	6	6	6	6	6	6	4	4	4	4	4	4	4
1.6	5	5	5	5	5	5	5	6	6	6	6	6	6	6	4	4	4	4	4	4	4
1.8	5	5	5	5	5	5	5	6	6	6	6	6	6	6	4	4	4	4	4	4	4
2.0	5	5	5	5	5	5	5	6	6	6	6	6	6	6	4	4	4	4	4	4	4
2.2	5	5	5	5	5	5	5	6	6	6	6	6	6	6	4	4	4	4	4	4	4
2.4	5	5	5	5	5	5	5	6	6	6	6	6	6	6	4	4	4	4	4	4	4
2.6	5	5	5	5	5	5	5	6	6	6	6	6	6	6	4	4	4	4	4	4	4
2.8	5	5	5	5	5	5	5	6	6	6	6	6	6	6	4	4	4	4	4	4	4
3.0	5	5	5	5	5	5	5	6	6	6	6	6	6	6	4	4	4	4	4	4	4
3.2	5	5	5	5	5	5	5	6	6	6	6	6	6	6	4	4	4	4	4	4	4
3.4	5	5	5	5	5	5	5	6	6	6	6	6	6	6	4	4	4	4	4	4	4
3.6	5	5	5	5	5	5	5	6	6	6	6	6	6	6	4	4	4	4	4	4	4
3.8	5	5	5	5	5	5	5	6	6	6	6	6	6	6	4	4	4	4	4	4	4
4.0	5	5	5	5	5	5	5	6	6	6	6	6	6	6	4	4	4	4	4	4	4
4.2	5	5	5	5	5	5	5	6	6	6	6	6	6	6	4	4	4	4	4	4	4
4.4	5	5	5	5	5	5	5	6	6	6	6	6	6	6	4	4	4	4	4	4	4
4.6	5	5	5	5	5	5	5	6	6	6	6	6	6	6	4	4	4	4	4	4	4
4.8	5	5	5	5	5	5	5	6	6	6	6	6	6	6	4	4	4	4	4	4	4
5.0	5	5	5	5	5	5	5	6	6	6	6	6	6	6	4	4	4	4	4	4	4
5.2	5	5	5	5	5	5	5	6	6	6	6	6	6	6	4	4	4	4	4	4	4
5.4	5	5	5	5	5	5	5	6	6	6	6	6	6	6	4	4	4	4	4	4	4
5.6	5	5	5	5	5	5	5	6	6	6	6	6	6	6	4	4	4	4	4	4	4
5.8	5	5	5	5	5	5	5	6	6	6	6	6	6	6	4	4	4	4	4	4	4
6.0	5	5	5	5	5	5	5	6	6	6	6	6	6	6	4	4	4	4	4	4	4
6.2	5	5	5	5	5	5	5	6	6	6	6	6	6	6	4	4	4	4	4	4	4
6.4	5	5	5	5	5	5	5	6	6	6	6	6	6	6	4	4	4	4	4	4	4
6.6	5	5	5	5	5	5	5	6	6	6	6	6	6	6	4	4	4	4	4	4	4
6.8	5	5	5	5	5	5	5	6	6	6	6	6	6	6	4	4	4	4	4	4	4
7.0	5	5	5	5	5	5	5	6	6	6	6	6	6	6	4	4	4	4	4	4	4
7.2	5	5	5	5	5	5	5	6	6	6	6	6	6	6	4	4	4	4	4	4	4
7.4	5	5	5	5	5	5	5	6	6	6	6	6	6	6	4	4	4	4	4	4	4
7.6	5	5	5	5	5	5	5	6	6	6	6	6	6	6	4	4	4	4	4	4	4
7.8	5	5	5	5	5	5	5	6	6	6	6	6	6	6	4	4	4	4	4	4	4
8.0	5	5	5	5	5	5	5	6	6	6	6	6	6	6	4	4	4	4	4	4	4
8.2	5	5	5	5	5	5	5	6	6	6	6	6	6	6	4	4	4	4	4	4	4
8.4	5	5	5	5	5	5	5	6	6	6	6	6	6	6	4	4	4	4	4	4	4
8.6	5	5	5	5	5	5	5	6	6	6	6	6	6	6	4	4	4	4	4	4	4
8.8	5	5	5	5	5	5	5	6	6	6	6	6	6	6	4	4	4	4	4	4	4
9.0	5	5	5	5	5	5	5	6	6	6	6	6	6	6	4	4	4	4	4	4	4
9.2	5	5	5	5	5	5	5	6	6	6	6	6	6	6	4	4	4	4	4	4	4
9.4	5	5	5	5	5	5	5	6	6	6	6	6	6	6	4	4	4	4	4	4	4
9.6	5	5	5	5	5	5	5	6	6	6	6	6	6	6	4	4	4	4	4	4	4
9.8	5	5	5	5	5	5	5	6	6	6	6	6	6	6	4	4	4	4	4	4	4
